0.045973
0.038073
0.029999
0.023869
0.053578
0.035953
0.029774
0.046962
0.030428
0.023309
0.023158
0.035619
3.0445
0.035718
0.039489
5.20271
0.055715
0.032785
0.034815
0.027091
0.035619
0.045799
0.025302
0.041601
0.022049
0.02207
0.021149
0.039032
0.034335
0.02091
0.027035
10.0419
0.023707
0.053268
0.030292
0.047911
0.031788
0.024527
10.5773
26.1179
0.029506
0.024922
0.033728
0.029631
0.038702
3.45923
19.0301
24.8655
0.029608
0.04777
0.036198
0.03322
8.45494
11.6344
12.6611
13.4333
0.025629
0.025188
0.029536
0.023055
0.034097
0.033164
0.034076
0.027301
0.029633
0.032315
0.042389
0.038672
0.050918
0.715333
1.77627
2.52451
0.024076
0.022278
0.028506
0.036562
0.028033
1.14808
2.29312
3.00856
0.036867
0.025151
0.107519
0.035291
0.026742
0.035552
1.19932
1.91418
0.026106
0.021343
0.027994
1.6605
4.9086
5.97413
6.7254
35.4188
0.039357
0.045532
0.03197
0.034052
0.032535
0.078621
0.091308
14.9963
0.030536
0.040583
0.032412
0.039494
0.030161
0.036656
0.023744
13.6472
0.026587
0.026426
0.028016
0.033321
0.030816
9.73208
13.5982
14.6961
0.034623
0.027087
0.032138
0.04254
0.04448
6.75907
10.7247
11.712
0.031142
0.022982
0.025706
0.022799
0.045754
7.93417
11.9969
13.0318
0.031119
0.026722
0.031182
0.037546
0.04306
4.01454
8.1476
9.14258
0.039806
0.028312
0.028818
0.040894
0.025266
8.39324
12.3373
13.3382
0.031557
0.029912
0.026095
0.053816
0.038864
6.90724
10.8452
11.8154
0.034978
0.026102
0.026332
0.030877
0.02602
6.3794
10.484
11.458
0.03271
0.043243
0.027541
0.035061
0.032862
2.63395
6.67771
7.58784
0.027975
0.028222
0.023393
0.054809
0.024937
6.6654
10.466
11.5713
0.028836
0.026756
0.061899
0.026188
7.99278
11.9369
12.9908
25.147
0.021513
0.040306
0.035407
0.045613
3.8321
7.86605
8.93028
21.1305
0.026879
0.026862
0.027193
0.030053
0.645026
4.66258
5.64347
17.8837
0.030638
0.029493
0.030136
0.036579
1.34864
5.40671
6.32107
18.5524
0.025517
0.025945
0.023819
0.030356
0.038511
0.030082
0.456178
12.8287
0.040685
0.027769
0.020325
0.039935
0.036576
0.034829
0.024111
11.6392
0.038065
0.031466
0.045699
0.04781
0.05351
0.045245
8.55461
27.2594
0.035941
0.027772
0.03293
0.023844
0.043644
0.039505
12.0354
13.9022
0.032168
0.035904
0.054864
0.036528
0.030758
2.4697
3.65187
4.30488
0.04263
0.027804
0.049079
0.032269
0.03257
2.48167
3.64716
4.50983
0.061556
0.067948
0.072316
0.028942
0.04138
0.042488
0.033586
0.028992
0.030884
0.026218
0.032607
0.024857
0.038766
0.025548
0.040519
27.2686
0.0444
0.032275
0.02879
0.021994
0.026297
0.03728
0.050693
15.3347
0.032435
0.030834
0.022232
0.03549
0.025928
0.047613
0.027913
11.5127
0.022203
0.038368
0.03371
0.027346
0.056513
13.9713
17.976
19.0057
0.032194
0.028124
0.03958
0.026616
0.047944
13.5187
17.613
18.5896
0.034961
0.044268
0.026143
0.035182
0.055959
1.06197
4.99772
6.09009
0.03365
0.024945
0.025627
0.033548
0.02772
2.10401
6.04607
7.06386
0.032513
0.03472
0.027596
0.058408
0.048953
6.20983
10.2211
11.3148
0.054964
0.033094
0.046229
0.034134
0.035774
9.30634
13.4252
14.3545
0.034632
0.035945
0.025231
0.026996
0.041307
7.82189
11.7316
12.8948
0.053905
0.037189
0.040623
0.030256
0.032371
3.15206
6.98524
7.96128
0.03374
0.029312
0.025701
0.036056
0.037183
4.83416
8.85273
9.88626
0.029746
0.029322
0.029233
0.039903
0.038429
4.10369
8.0956
9.07618
0.033986
0.02968
0.034276
0.047712
0.029553
8.12566
12.004
13.1165
0.033163
0.027619
0.027964
0.040939
0.023657
3.6729
7.66628
8.72631
0.038616
0.050901
0.031684
0.036905
0.065856
6.67215
10.7344
11.7816
0.032798
0.0271
0.041628
0.022985
7.79169
11.835
12.8481
25.1026
0.030957
0.030563
0.03362
0.050093
0.04964
0.024599
0.024235
10.2284
0.040283
0.027959
0.026049
0.048006
0.030336
0.028357
0.042381
9.81559
0.042233
0.127412
0.022384
0.056067
0.026435
0.037815
0.986435
13.3713
0.065962
0.060887
0.025483
0.029757
0.963639
1.9985
14.0901
34.6802
0.028521
0.030528
0.040144
0.043048
0.031904
0.039953
0.043273
12.8491
0.025394
0.025353
0.028911
0.033252
9.99486
13.1581
14.3493
15.0044
0.034348
0.026477
0.023132
0.034411
0.040403
0.045307
0.035852
0.032854
0.029615
0.032013
0.026297
0.021283
0.044415
0.032925
0.037519
0.027966
0.027742
0.031736
0.025091
0.042055
0.037797
0.027752
24.8736
28.9332
0.050301
0.059379
0.024469
0.029554
0.027636
0.026095
8.52493
12.4242
0.027673
0.028142
0.022943
0.034411
0.028632
4.7294
8.74689
9.86924
0.035096
0.024707
0.058186
0.030376
5.08152
9.09046
10.1964
22.3056
0.030069
0.031633
0.047039
0.028991
5.01485
8.98877
9.94886
22.2001
0.033033
0.085554
0.141711
0.041282
1.1353
4.99585
6.06272
18.3846
0.033501
0.034333
0.034333
0.043851
1.67964
5.70062
6.63366
18.9947
0.039531
0.032188
0.031423
0.04467
0.042515
0.042551
0.356248
12.6108
0.02926
0.022203
0.062132
0.045786
0.042218
4.18293
5.17379
17.3091
0.04186
0.027565
0.034629
0.039443
0.201934
1.71171
2.84097
14.9454
0.029195
0.02993
0.052469
0.040715
0.042249
2.59127
3.5194
15.8397
0.183126
0.03603
0.096102
0.032134
0.068739
1.77738
2.74515
15.0004
0.034272
0.031356
0.032598
0.044305
0.028687
0.046865
0.050106
12.1937
0.034085
0.032007
0.059958
0.039691
0.067754
0.425847
1.3105
13.6307
0.02852
0.042532
0.025711
6.17344
10.0649
11.2192
23.4145
38.9116
0.029791
0.02931
0.028343
0.030331
0.041261
0.038195
0.444043
15.9964
0.035167
0.029791
0.042137
0.03086
0.043652
2.16229
17.7746
22.7821
0.031173
0.022123
0.029071
0.077619
0.109037
2.54011
5.68967
7.46659
0.034665
0.027987
0.061266
0.05036
4.13422
7.18301
8.25157
9.13937
0.074458
0.030731
0.046034
0.035052
5.2409
8.43674
9.49585
10.3359
0.03338
0.026541
0.038072
0.033181
4.13918
7.32847
8.45428
9.15316
0.057172
0.030602
0.045078
0.027064
2.65999
5.86464
6.9082
7.66064
0.031551
0.029571
0.035542
0.033139
4.90588
8.13983
9.17412
9.90783
0.047729
0.033583
0.057223
0.028864
4.05623
7.12578
8.34041
9.08654
0.041045
0.03603
0.044844
0.034442
6.34217
9.42283
10.6434
11.2594
0.031771
0.064803
0.040782
0.028956
5.78278
8.8893
9.9906
10.7019
0.030701
0.034965
0.030187
0.022797
3.30202
6.54909
7.60258
8.36095
0.056929
0.031524
0.055373
0.030783
4.11077
7.26616
8.43569
9.20159
0.035052
0.030691
0.070365
0.073149
3.27462
6.42861
7.55347
8.34737
0.042466
0.034129
0.049589
0.037349
6.01263
9.12416
10.2626
10.947
0.033687
0.031142
0.043701
0.033042
0.48294
3.68278
4.81533
5.49681
0.028556
0.036175
0.032893
0.034127
1.71719
4.82371
5.92641
6.80154
0.030784
0.031361
0.04102
0.089661
0.067464
0.031504
0.031106
0.028769
0.035687
0.031598
0.074555
0.027163
0.217903
0.045588
1.26196
2.06212
0.041971
0.035227
0.031625
0.039855
1.27551
4.4783
5.61701
6.31225
0.046965
0.041757
0.060698
0.029961
5.1639
8.30937
9.41047
10.1819
0.03405
0.040725
0.029488
0.048726
7.98454
11.067
12.2738
13.0095
0.048658
0.02687
0.036158
0.031581
6.9809
10.1071
11.2829
11.9575
0.068161
0.028768
0.048131
0.060358
1.82766
4.93412
5.96138
6.72632
0.030681
0.028283
0.039164
0.035682
5.86117
9.07302
10.179
10.885
0.057829
0.074733
0.060684
0.076153
6.08964
9.27932
10.3109
11.1836
0.03018
0.035179
0.027871
0.046101
0.034915
0.042501
0.320534
1.08826
0.033446
0.027053
0.028411
0.047736
0.028449
0.032443
0.053993
0.043
0.027387
0.029824
0.056871
0.04392
0.049336
0.641008
1.71385
2.53903
0.032856
0.030227
0.032767
0.039895
5.88654
8.95566
10.086
10.8823
0.043815
0.031487
0.06186
0.033199
1.81611
4.78842
5.95533
6.74831
0.032106
0.028177
0.03053
0.034076
0.281189
3.50047
4.58547
5.32727
0.056213
0.030694
0.053952
0.027793
5.45703
8.65798
9.70414
10.4978
0.031417
0.030971
0.030321
0.033642
5.74681
8.77576
10.0364
10.7938
0.034969
0.031851
0.036247
0.033486
7.69437
10.7912
11.9734
12.7802
0.036439
0.030207
0.049312
0.073619
4.95065
8.05275
9.20935
10.0242
0.046452
0.029671
0.051494
0.04361
0.035004
0.892908
1.89989
2.65336
0.026736
0.036997
0.033924
0.031183
0.033974
0.039658
0.041304
0.035522
0.045364
0.049507
0.030809
0.033495
0.030562
0.048749
0.027829
0.035614
0.035027
0.08663
0.033214
0.043487
0.03574
0.045662
24.4389
28.5459
0.049631
0.038863
0.033768
0.049958
0.034082
0.070443
9.98509
14.0495
0.038781
0.023413
0.033274
0.055483
0.037993
7.54183
11.4717
12.4451
0.03112
0.029553
0.033514
0.068736
0.041868
7.93611
11.8865
12.8396
0.035441
0.040684
0.047832
0.058149
0.031547
6.8977
10.9391
12.3502
0.036551
0.030049
0.028357
0.055511
0.042131
7.50509
11.5261
13.2214
0.038191
0.04007
0.038485
0.035963
0.045207
4.58998
8.52055
9.57135
0.030112
0.027259
0.086533
0.038904
3.96451
7.85472
8.94956
21.0746
0.026853
0.037264
0.035289
0.041092
2.94895
6.97487
8.06218
20.1211
0.032823
0.042913
0.040686
0.050273
0.031455
0.027112
0.029929
11.8684
0.035588
0.029113
0.042158
0.039674
0.429246
4.4708
5.42041
17.5789
0.061128
0.031235
0.026245
0.079263
0.070966
0.86744
1.84973
14.1896
0.033685
0.03034
0.027418
0.049947
0.029796
0.037427
0.036769
8.21554
0.032958
0.027172
0.026142
0.047269
0.034938
0.028896
0.033263
10.4704
0.03279
0.027171
0.039163
0.037272
0.02434
3.29482
4.29245
16.3723
0.042049
0.030777
0.025668
0.04902
0.031871
0.02923
0.030931
10.1234
0.030887
0.040155
0.026744
0.027727
0.039262
0.044747
0.046003
11.6404
0.037725
0.043853
0.029391
0.054339
0.036493
0.038117
0.034593
11.271
0.031506
0.025672
3.26918
7.35069
8.27406
20.5002
35.9665
40.2083
0.036871
0.032432
0.025607
0.032676
0.062805
0.045584
9.85
14.1419
0.037777
0.075528
0.061031
0.051382
9.10642
12.2132
13.3244
14.2211
0.045597
0.029127
0.034192
0.056114
0.292248
3.45891
4.59369
5.43212
0.034385
0.03019
0.030106
0.038065
2.98564
6.18051
7.29413
7.97942
0.035659
0.0385
0.041116
0.03628
1.07785
4.22107
5.26802
6.06994
0.039245
0.036696
0.034892
0.029555
4.81096
7.94165
9.11278
9.93911
0.043086
0.028976
0.03626
0.041072
7.75575
10.8895
12.034
12.8275
0.034886
0.030699
0.05284
0.033314
3.68709
6.84899
7.96323
8.64454
0.030356
0.042933
0.03519
0.034877
0.99706
4.21344
5.23802
6.02391
0.036012
0.060637
0.028632
0.044116
0.048885
0.024182
0.631591
1.31324
0.047172
0.032896
0.049244
0.040148
8.01952
11.0556
12.1143
12.9758
0.034749
0.033604
0.044102
0.034812
6.9899
10.1073
11.1434
11.9158
0.035663
0.053598
0.025557
0.030823
0.043708
0.031502
0.034951
0.037172
0.070907
0.038397
0.072889
0.034317
0.031924
0.044099
0.069348
0.064215
0.048043
0.027478
0.038789
0.045656
0.030026
2.34267
3.4853
4.24205
0.0326
0.052832
0.034611
0.047984
0.027947
0.032543
0.027383
0.313672
0.031292
0.030728
0.028263
0.022592
0.061218
0.048818
0.045423
0.422417
0.035215
0.039167
0.059916
0.032567
0.549391
1.68866
2.49704
35.3288
0.046507
0.028083
0.039501
0.034277
0.039178
0.044918
0.191708
14.055
0.027299
0.037209
0.029889
0.045199
0.045144
11.3988
15.4921
16.4264
0.045184
0.033442
0.036722
0.03797
0.030746
5.16873
9.22957
10.2241
0.028962
0.028072
0.03914
0.035185
0.05328
3.56424
7.45859
8.59066
0.032382
0.030164
0.027126
0.055187
0.043237
5.15737
9.15227
10.0482
0.042077
0.03055
0.030517
0.029197
0.029147
3.52941
7.70462
8.69883
0.039905
0.041078
0.035071
0.04464
0.032334
3.48874
7.55738
8.50216
0.03275
0.031742
0.025967
0.047189
0.039374
1.71641
5.75793
6.86124
0.034456
0.027132
0.030565
0.040336
0.028749
10.4179
14.3322
15.3566
0.036103
0.029115
0.033334
0.056351
0.031195
6.55127
10.5492
11.6169
0.032994
0.026661
0.03779
0.029636
0.042135
0.055946
3.14516
4.20254
0.035512
0.043721
0.04585
0.045696
0.044429
0.031676
1.74526
2.66
0.058057
0.036594
0.045785
0.034961
0.036268
1.76439
2.79643
15.0304
0.062464
0.028669
0.032028
0.039288
0.040855
3.28758
4.26973
16.536
0.038637
0.026995
0.035673
0.040251
0.040506
3.42596
4.43489
16.6172
0.062614
0.034339
0.037978
0.049013
0.032091
0.04046
0.923475
13.1182
0.034661
0.041
0.044132
0.041734
0.038609
0.033145
0.061287
4.37434
0.052935
0.032255
0.038953
0.048819
0.030562
3.11418
21.7891
23.7604
0.034031
0.028492
0.03717
0.034789
0.048415
0.072223
7.8756
9.73518
0.031441
0.028393
0.048833
0.041696
7.93146
11.0392
12.0861
12.8313
0.047315
0.033972
0.043521
0.037635
0.046307
0.046554
0.038046
0.023658
0.059822
0.030007
0.02818
0.025216
0.035835
0.029718
0.049952
0.035608
0.034316
0.027902
0.030109
0.027723
0.044643
0.039516
0.024219
0.031914
0.027534
0.033161
0.053549
0.033297
2.87561
3.97688
4.67725
33.5498
0.033088
0.037464
0.036774
0.031842
0.035685
0.050349
0.05025
9.9398
0.035268
0.033584
0.031182
0.031229
0.065247
0.027563
9.2244
14.1197
0.038987
0.033571
0.031352
0.067375
0.047552
15.0581
19.1717
20.1663
0.039774
0.037243
0.022446
0.042321
0.035603
8.04
12.1514
13.0675
0.03762
0.044102
0.033825
0.036992
0.04502
8.22066
12.1386
13.1472
0.038539
0.038607
0.037825
0.030683
0.041158
4.76532
8.68891
9.75827
0.032382
0.039616
0.034305
0.049855
0.039512
0.029848
4.06928
5.02413
0.032124
0.028769
0.029612
0.038987
0.029741
1.85786
5.89983
6.87465
0.03223
0.027198
0.026609
0.045049
0.033686
9.28534
13.1367
14.1707
0.028869
0.038575
0.036123
0.046756
0.026493
9.35689
13.2388
14.2507
0.033111
0.028108
0.032744
0.051206
0.043615
9.59499
13.7242
14.7447
0.038997
0.048931
0.051552
0.042378
0.045901
6.16104
10.2488
11.2591
0.040134
0.028909
0.034205
0.043768
0.035441
0.040691
0.663214
1.61719
0.03772
0.033641
0.030888
0.063039
0.031641
2.68372
6.64136
7.61715
0.047684
0.052362
0.04106
0.04285
0.992326
4.92509
5.84972
18.157
0.031739
0.029136
0.046006
0.045679
0.0376
3.55812
4.52983
16.726
0.030746
0.026123
0.032407
0.050985
0.048297
0.043924
0.274361
12.5707
0.029408
0.02934
0.026373
0.051616
4.75948
8.68148
9.72525
22.0499
0.035088
0.031506
0.048565
0.0266
0.03042
0.176725
1.28103
13.5439
0.032552
0.042558
0.030427
0.030302
0.027247
0.041545
0.037103
10.4054
0.031576
0.039291
0.023918
0.040719
0.029893
0.053781
8.35114
27.0655
0.041753
0.027413
0.029757
0.054992
0.040258
0.039315
16.4213
17.5248
0.032839
0.028438
0.040417
0.048343
4.15229
7.25159
8.34751
9.18835
0.044357
0.060861
0.037864
0.034436
6.46665
9.62952
10.7453
11.6005
0.035337
0.031997
0.033404
0.029037
4.6004
7.80314
8.8879
9.62809
0.034121
0.040732
0.031587
0.034027
1.13944
4.24339
5.45573
6.16402
0.033197
0.027077
0.044233
0.068419
7.35173
10.3733
11.4555
12.3365
0.036321
0.033191
0.026622
0.03232
4.04473
7.16374
8.22844
9.08048
0.040748
0.034078
0.031412
0.043366
0.053072
2.97107
4.06158
4.82754
0.053432
0.028341
0.056136
0.067733
0.032713
1.89208
3.10896
3.93805
0.036264
0.026266
0.071333
0.031124
0.047203
1.11956
2.2382
3.08381
0.055685
0.033564
0.049217
0.035606
1.75966
4.89513
6.03234
6.82697
0.032367
0.031924
0.034715
0.039743
4.76512
7.82013
8.99886
9.62141
0.041252
0.036301
0.051622
0.032489
1.28973
4.42037
5.4475
6.28022
0.035978
0.03108
0.039794
0.03452
1.12709
4.14581
5.27758
6.11624
0.032818
0.035608
0.032046
0.034644
7.25801
10.4394
11.5823
12.3664
0.034914
0.029188
0.062149
0.047329
0.053516
1.64804
2.7164
3.60281
0.031625
0.029256
0.03145
0.030516
0.04852
0.03574
0.050276
0.034998
0.043982
0.035729
0.034209
0.051372
0.031877
0.044129
0.830207
1.62827
0.044935
0.031023
0.027378
0.034237
0.048704
0.032329
0.032687
0.047159
0.04578
0.031292
0.02917
0.031312
0.057765
0.030432
0.042912
0.035873
0.03104
0.03173
0.028032
0.049535
0.030607
0.036723
0.065362
0.059968
0.034895
0.029789
0.030854
0.036911
0.034529
0.036846
0.047578
13.9813
0.034128
0.031169
0.026589
0.042032
0.040396
0.03368
11.8729
15.83
0.040026
0.028796
0.025193
0.048496
0.031473
0.037086
3.92101
7.94385
0.056254
0.050564
0.023888
0.07391
0.030533
9.96059
14.0196
14.9588
0.033902
0.029998
0.027879
0.029867
0.052564
2.44783
6.49009
7.37596
0.039852
0.049484
0.033748
0.061859
0.036858
6.34345
10.2823
11.2613
0.030685
0.034349
0.043903
0.041543
0.025526
9.32732
13.2918
14.3907
0.038244
0.033928
0.034543
0.043865
0.050279
7.49005
11.5134
12.9594
0.034766
0.042635
0.029055
0.040213
0.031693
6.10395
10.159
11.1254
0.034901
0.044919
0.027071
0.036186
0.049168
6.93642
10.8977
11.9674
0.03022
0.03688
0.038846
0.057226
0.043735
4.46168
8.39045
9.34714
0.038523
0.053698
0.033735
0.042879
0.033555
4.27304
8.37448
9.33984
0.058348
0.025237
0.033882
0.038208
0.062003
0.064469
0.0436
0.038807
0.036061
0.027929
0.027511
0.027413
0.066657
0.751953
4.65095
5.78643
0.028443
0.036912
0.037571
0.06312
1.30906
5.33264
6.35493
18.5674
0.030507
0.02913
0.041892
0.039861
0.860356
4.94879
5.95649
18.1874
0.030644
0.027449
0.024591
0.044503
0.032756
0.048795
0.848226
13.1665
0.037194
0.02971
0.028383
0.04616
0.031739
0.034028
0.033156
8.44607
0.040386
0.026935
0.027138
0.039789
0.031636
0.02481
9.9577
25.5615
0.039492
0.052167
0.030831
0.048996
0.051265
0.039137
12.3529
15.5612
0.037637
0.066256
0.032608
0.04072
0.051195
8.39073
11.6298
12.4719
0.033314
0.028784
0.045245
0.041396
8.82501
11.8603
13.0373
13.8008
0.044222
0.026784
0.044192
0.03474
5.54848
8.63685
9.81905
10.5574
0.031435
0.028459
0.039438
0.047547
3.72452
6.84006
7.85692
8.76411
0.035594
0.032465
0.037479
0.051055
0.987103
4.17421
5.14429
5.96809
0.028611
0.027801
0.034294
0.033223
4.7032
7.7195
8.87282
9.62627
0.036445
0.037589
0.029751
0.147109
1.67719
4.9098
6.06265
6.89293
0.033455
0.028775
0.039687
0.054821
9.97959
13.1171
14.2756
15.0743
0.036642
0.02947
0.066046
0.043466
5.45036
8.62546
9.73499
10.392
0.036277
0.063273
0.029932
0.078524
7.96485
10.9952
12.2202
13.2773
0.035475
0.035585
0.030761
0.036257
2.37631
5.39865
6.51864
7.38689
0.035498
0.034268
0.029459
0.042338
4.08021
7.10678
8.22926
9.08809
0.037208
0.037717
0.045531
0.03251
0.047029
3.24089
4.44857
5.19371
0.032942
0.044236
0.033604
0.031038
0.046138
0.027895
0.029928
0.031234
0.029201
0.028463
0.027658
0.028411
0.038862
0.044106
0.029459
0.037664
0.033821
0.031272
0.035799
0.02765
0.05083
0.043111
0.027391
0.045774
0.062722
0.028014
0.027869
0.035826
0.07237
0.034299
0.026088
0.033927
0.029498
0.031777
0.029102
0.050754
0.033297
0.033737
13.5307
0.033199
0.029296
0.023482
0.033006
0.035078
0.041482
0.031067
8.49669
0.030988
0.028075
0.036003
0.040399
0.028391
5.3211
9.2938
10.3141
0.032807
0.030645
0.028927
0.05678
0.039798
0.61173
4.64163
5.66429
0.037208
0.031943
0.027802
0.045637
0.034898
8.71608
12.7462
13.7718
0.033167
0.029729
0.026298
0.024661
0.049627
10.8142
14.8516
15.7194
0.032989
0.037973
0.028006
0.049013
0.042699
10.4508
14.3355
15.3652
0.03041
0.02969
0.036853
0.028199
0.043373
10.7835
14.8162
15.7971
0.048987
0.02592
0.030858
0.027045
0.036155
9.43336
13.4524
14.429
0.041038
0.043099
0.02881
0.065027
0.030138
8.04116
12.0757
13.3954
0.047824
0.029775
0.035437
0.026515
6.55122
10.4463
11.5702
23.8115
0.034382
0.029731
0.040653
0.074425
0.037103
0.030516
0.068602
8.11321
0.048018
0.030367
0.025097
0.104665
0.036424
0.058944
1.07472
13.4584
0.032269
0.026613
0.048506
0.041476
0.023231
1.75564
2.692
15.0796
0.034544
0.026637
0.029316
0.028581
0.035946
0.034428
0.051444
7.13374
0.03889
0.027511
0.023234
0.037203
0.036125
0.044259
0.029845
4.741
0.041031
0.027476
0.033898
0.041874
0.031917
9.63599
28.2438
29.3397
0.03931
0.033354
0.0367
0.036636
5.64406
8.67926
9.91452
10.6211
0.051248
0.029239
0.036121
0.058466
1.79016
4.9229
6.01377
6.82392
0.054075
0.030467
0.039985
0.045282
0.064712
2.68431
3.7565
4.65739
0.046342
0.028541
0.031871
0.049022
3.67652
6.73902
7.81524
8.71032
0.045892
0.028663
0.032336
0.048079
2.46499
5.59763
6.73015
7.50987
0.031982
0.033377
0.0334
0.038123
4.43074
7.55455
8.74203
9.48301
0.036493
0.027734
0.094809
0.099924
0.359453
3.47105
4.58788
5.38665
0.040343
0.039892
0.043549
0.034162
0.047973
3.13355
4.30086
5.12089
0.033359
0.028526
0.038078
0.038878
2.82196
5.98062
7.06695
7.83689
0.036888
0.029161
0.052946
0.054531
3.02684
6.08532
7.17826
8.08249
0.049898
0.037349
0.029311
0.049931
2.25058
5.29494
6.4271
7.2551
0.041272
0.029173
0.036357
0.031965
1.28712
4.57724
5.62669
6.44357
0.043965
0.029691
0.029876
0.046109
0.037837
2.80021
3.87434
4.70936
0.034711
0.033339
0.030497
0.040426
0.037367
0.335228
1.5344
2.28118
0.045373
0.031756
0.05383
0.031636
4.52229
7.6656
8.8298
9.5892
0.034018
0.026965
0.033359
0.034741
3.59715
6.63557
7.81175
8.62239
0.040182
0.031545
0.034195
0.034915
0.822857
3.90686
4.95139
5.86419
0.046659
0.027827
0.044522
0.047263
0.033078
1.19466
2.32553
3.18062
0.033438
0.027419
0.034978
0.036699
0.041885
2.77294
4.02482
4.75555
0.033895
0.028914
0.031961
0.027727
0.03011
0.043165
0.027093
0.0353
0.051943
0.031069
0.036872
0.033081
1.66492
4.79176
5.91934
6.74522
0.036214
0.040665
0.046421
0.047261
0.044858
0.844194
1.77133
2.58979
0.033981
0.036203
0.03359
0.02716
0.042844
0.040823
0.036416
0.025195
0.050154
0.02861
0.070967
0.04878
0.029827
1.9241
2.96246
3.83073
0.046295
0.034998
0.054521
0.03358
9.3991
12.6252
13.7037
14.5718
0.035858
0.041415
0.032376
0.04641
2.76438
5.98671
7.06527
7.92506
0.034684
0.033901
0.032658
0.043731
0.961849
3.98604
5.22016
5.9584
0.03586
0.032068
0.031464
0.028269
0.048929
0.024182
0.042351
0.064326
0.048508
0.029777
0.029396
0.026303
0.04912
0.045168
0.036327
0.034585
0.059418
0.06956
0.064008
0.045027
0.034342
0.02651
0.050991
16.489
0.04204
0.038415
0.038006
0.030691
0.046943
0.028301
0.027981
16.0836
0.048544
0.032678
0.027052
0.05094
0.031095
0.036711
16.5826
20.5087
0.038258
0.031442
0.028075
0.050443
0.023507
4.2111
8.1296
9.14742
0.037562
0.036089
0.027494
0.041999
0.030134
6.62092
10.7048
11.6994
0.031825
0.030097
0.027153
0.05073
0.029217
10.1929
14.2797
15.1445
0.036755
0.041985
0.04877
0.043953
0.031432
4.03801
7.97477
8.99271
0.035331
0.038195
0.028134
0.047807
0.023118
7.48732
11.3851
12.4036
0.032249
0.026501
0.044755
0.072783
9.40391
13.7309
14.4904
26.686
0.032243
0.031398
0.070328
0.0475
0.037541
0.034182
0.029327
12.3624
0.033575
0.03385
0.032779
0.04263
0.0337
0.0617
0.023212
11.6896
0.032286
0.030155
0.041264
0.040283
0.785215
1.88518
14.1265
29.5216
0.031688
0.023454
0.03662
0.032158
0.029747
0.050978
3.81068
19.3185
0.045759
0.032218
0.033525
0.040738
11.7014
14.6517
15.8722
16.6779
0.038409
0.030961
0.048372
0.033971
0.044248
2.55956
3.77458
4.49961
0.043216
0.028684
0.032377
0.033436
6.83069
10.0129
11.0971
11.9198
0.031861
0.027677
0.055254
0.057239
1.99787
5.16151
6.29443
7.13962
0.034352
0.029926
0.042821
0.046305
3.4985
6.60195
7.79045
8.52981
0.037737
0.031616
0.040614
0.039488
0.03044
0.657278
1.71758
2.59923
0.045377
0.031911
0.03838
0.033779
0.663963
3.71391
4.79871
5.63849
0.025075
0.036713
0.036412
0.034126
2.26817
5.30152
6.47326
7.25155
0.035989
0.060716
0.029992
0.031323
0.037064
0.045585
0.240789
1.09871
0.034059
0.030846
0.029989
0.03055
0.036859
0.031483
0.029543
0.044349
0.032673
0.028485
0.036645
0.026959
2.16947
5.20351
6.4468
7.17543
0.033309
0.026238
0.034898
0.035529
0.334778
3.4553
4.68002
5.35464
0.048314
0.030133
0.0324
0.048942
1.51457
4.74108
5.65527
6.68294
0.035608
0.030186
0.047138
0.036359
0.035625
2.68852
3.88853
4.62255
0.044336
0.028
0.041034
0.031355
6.3591
9.35299
10.5274
11.3017
0.033533
0.028935
0.070409
0.070451
2.80519
6.03321
7.04726
7.96573
0.046845
0.029291
0.045445
0.035036
3.38621
6.55618
7.64923
8.52244
0.047507
0.027902
0.030957
0.040359
0.222477
0.036928
1.46585
2.16866
0.032741
0.0271
0.053901
0.052744
7.36409
10.4357
11.4625
12.3864
0.036121
0.037775
0.037636
0.041879
5.50044
8.607
9.683
10.5464
0.030956
0.027563
0.0311
0.031552
0.049618
0.030753
0.033606
0.041396
0.048784
0.041307
0.032899
0.032575
0.064503
0.029758
0.028031
0.074925
0.042025
0.0361
0.027805
0.033948
0.048128
0.033313
0.038646
0.030017
0.033003
0.027694
0.035316
0.028738
0.047941
0.029691
0.043527
0.036569
0.035602
0.036513
0.031973
0.032108
0.043768
0.028604
0.031778
0.030088
0.031017
0.032956
0.030703
0.028666
0.044938
0.056242
0.028857
16.6365
0.037533
0.030067
0.043466
0.042515
0.026278
7.33275
11.4163
12.2811
0.03558
0.033672
0.027529
0.035473
0.028701
5.62699
9.69931
10.6125
0.031318
0.027956
0.044382
0.089803
5.86757
9.84878
10.8208
23.0848
0.032556
0.024851
0.043847
0.027112
4.45916
8.52403
9.49673
21.7974
0.037673
0.031843
0.054657
0.032189
0.05079
2.40655
3.44421
15.6636
0.036795
0.027579
0.043444
0.094472
0.02855
4.05591
5.02701
17.3693
0.031766
0.030418
0.052693
0.032383
2.91431
6.9117
7.82622
20.2837
0.029065
0.027817
0.040688
0.033683
2.01456
6.13454
7.08965
19.4464
0.032103
0.031132
0.055712
0.030715
0.722136
4.78351
5.75887
18.0848
0.02922
0.027777
0.028867
0.044603
0.036204
0.032537
0.5608
12.8512
0.03303
0.027148
0.050677
0.041121
0.044067
2.01367
3.07641
15.4024
0.039952
0.026759
0.036592
0.029232
5.77532
9.86641
10.8507
23.1284
0.037326
0.040617
0.053437
0.032265
0.044616
1.84203
2.8156
15.1537
0.035316
0.030169
0.037605
0.064603
0.023856
2.18365
3.04167
15.4304
0.066783
0.03086
0.034428
0.085468
0.983458
4.93982
5.89173
18.3095
0.025634
0.029297
0.040293
0.039354
0.038023
1.49354
2.55841
14.7991
0.045694
0.030081
0.031728
0.051734
0.037507
0.049936
0.028841
9.19763
0.030838
0.028418
0.037351
0.078514
0.72887
4.81037
5.77985
18.0081
0.032248
0.025567
0.050302
0.037517
0.042702
0.034237
0.028548
5.39066
0.033844
0.031504
0.03613
0.030307
0.030865
0.026994
0.042438
0.034469
0.070878
0.035402
0.030184
0.037543
0.0715
0.035711
8.64919
12.7544
0.028831
0.035694
0.0355
0.035237
12.5026
15.5778
16.8112
17.5572
0.033871
0.028287
0.053907
0.072536
6.49911
9.59979
10.804
11.5417
0.03636
0.035903
0.030392
0.039355
6.38109
9.44643
10.6274
11.4351
0.031803
0.030164
0.040628
0.034932
1.11083
4.22646
5.38397
6.18087
0.039185
0.042354
0.034379
0.036702
0.038788
1.47954
2.68663
3.49077
0.035204
0.029857
0.036982
0.045977
3.13348
6.18286
7.29114
8.15504
0.054847
0.035227
0.041583
0.060452
0.036115
2.37268
3.47498
4.32502
0.040766
0.028489
0.04354
0.033268
0.040772
2.47519
3.48602
4.39198
0.037539
0.032612
0.034884
0.032578
0.123675
2.77462
4.03646
4.7371
0.047666
0.02794
0.031069
0.041193
1.9502
5.02293
6.2412
6.92092
0.033375
0.030722
0.035485
0.032038
0.692831
3.81953
4.85327
5.73487
0.030573
0.075147
0.034027
0.038381
0.052481
0.398622
1.44393
2.31713
0.032028
0.026619
0.030001
0.043496
0.034203
0.034595
0.658438
1.53391
0.035479
0.029783
0.029694
0.050533
0.04194
0.0301
0.034262
0.056374
0.056757
0.03311
0.030916
0.027812
0.032416
0.035221
0.044427
0.028563
0.035409
0.036901
0.026729
0.027351
0.0243
0.059194
0.044484
17.6628
0.039894
0.02923
0.02881
0.030189
0.02669
0.032699
19.3724
24.4782
0.036825
0.035032
0.029381
0.032451
0.044095
8.20794
12.2264
13.1635
0.048174
0.027558
0.026351
0.033963
0.027177
8.78603
12.7181
13.7403
0.03584
0.029831
0.023032
0.043536
0.026193
8.1811
12.1309
13.1162
0.034064
0.03104
0.032248
0.055596
0.032265
6.37104
10.4532
11.3966
0.031338
0.035989
0.026597
0.037902
0.043831
7.11896
11.2233
12.1629
0.039758
0.043828
0.03007
0.041207
0.028498
3.44644
7.48634
8.487
0.0335
0.031257
0.034087
0.064606
0.029175
1.85996
5.77692
6.74236
0.054474
0.032822
0.030367
0.031971
0.026053
0.034581
0.054658
0.03624
0.035138
0.033446
0.02956
0.029757
0.042843
0.069168
0.056651
0.03897
0.037787
0.040048
0.031152
0.038476
0.046222
0.039435
0.031885
9.02676
0.032297
0.027591
0.031118
0.041516
0.029746
0.041983
0.038813
9.89953
0.034131
0.041891
0.028812
0.031349
0.039528
0.030195
0.038095
4.39585
0.034408
0.031266
0.02921
0.062026
0.054627
0.057495
0.027614
19.6401
0.039108
0.032564
0.030885
0.043595
0.039196
0.030314
8.52938
10.5543
0.046273
0.029592
0.046545
0.038176
0.449272
3.52712
4.69017
5.52818
0.03149
0.027488
0.046948
0.034367
8.29797
11.374
12.3824
13.2874
0.046301
0.032993
0.060193
0.036366
6.3776
9.42054
10.6268
11.4024
0.034811
0.029685
0.036336
0.034093
0.256666
3.39196
4.56051
5.32793
0.034005
0.030723
0.046748
0.037482
2.37823
5.43941
6.64444
7.40803
0.035963
0.029233
0.030222
0.048595
0.057768
0.061058
0.215507
1.16243
0.035166
0.031332
0.042026
0.03044
0.050154
0.088754
0.048592
0.038552
0.041426
0.027847
0.029141
0.043784
0.03049
0.034241
0.442744
1.25046
0.036215
0.031727
0.045362
0.034392
0.764631
3.85693
5.07555
5.83985
0.036658
0.034093
0.037065
0.031962
0.035559
1.34934
2.50542
3.31481
0.02837
0.050813
0.023048
0.048821
0.054717
0.204941
0.034894
0.027779
0.030883
0.030221
0.029408
0.053515
0.080068
0.046385
0.040812
0.840985
0.029057
0.033172
0.029164
0.029685
0.036864
0.043337
0.058312
0.032982
0.047737
0.03082
0.031609
0.052344
0.025446
0.056599
0.033923
28.223
0.034399
0.04059
0.033344
0.047303
0.044552
0.035629
8.88706
12.9152
0.035178
0.030198
0.026875
0.028529
0.037649
4.79172
8.8414
9.78094
0.03365
0.027799
0.02972
0.050309
0.023647
11.3373
15.404
16.3621
0.040493
0.030812
0.041242
0.032623
0.030868
7.48284
11.4445
12.4297
0.040687
0.034889
0.029482
0.0309
0.054454
0.038598
3.11688
4.01317
0.048443
0.035122
0.032831
0.028789
0.02732
5.09544
9.14638
10.0766
0.035399
0.029221
0.049447
0.02637
1.52789
5.57867
6.51703
18.8457
0.033778
0.027363
0.035847
0.026247
1.18072
5.1335
6.12996
18.4588
0.032177
0.02827
0.032008
0.052857
1.97541
6.0176
7.08961
19.4226
0.055185
0.050219
0.026569
0.031989
0.030894
0.049888
0.04028
11.9527
0.031665
0.027794
0.031987
0.047924
0.036968
0.026648
0.411448
12.6306
0.032303
0.025737
0.031673
0.040697
0.030991
0.023824
0.040241
9.52668
0.044186
0.031272
0.028297
0.050459
0.040433
0.029659
0.041118
10.5445
0.030575
0.034889
0.029866
0.034348
0.028704
6.50657
21.809
26.1249
0.029777
0.037863
0.032522
0.164511
0.035321
0.048323
10.5904
14.7962
0.032037
0.028711
0.051121
0.040717
11.8854
15.0318
16.1712
16.9289
0.036995
0.028161
0.030857
0.029826
0.048938
0.029835
0.045081
0.063517
0.047374
0.031701
0.0306
0.027833
0.055574
0.026304
0.028327
0.048582
0.035783
0.029886
0.03525
0.030287
0.028552
0.035711
0.045061
15.1825
0.048429
0.050746
0.042495
0.027692
0.033497
0.039268
0.030606
12.6501
0.057771
0.061851
0.03594
0.087456
0.044339
7.74467
11.6099
12.5995
0.026198
0.028548
0.028898
0.034785
0.025575
8.53412
12.8691
13.5816
0.031471
0.035608
0.024911
0.024168
0.04251
9.23489
13.2996
14.2801
0.036828
0.028686
0.028477
0.043661
0.02574
0.037664
0.03329
0.034918
0.051978
0.03098
5.11311
9.07832
9.99941
0.035084
0.030854
0.031086
0.042137
0.048151
1.76308
5.88431
6.79418
0.03449
0.029287
0.027193
0.047387
0.03962
0.03456
3.79047
4.75577
0.033964
0.031639
0.027271
0.036855
0.04067
10.9378
14.9655
15.8516
0.059904
0.03537
0.028752
0.038236
0.024262
9.40921
13.3602
14.3656
0.034364
0.030737
0.030513
0.036023
0.039232
9.22712
13.2865
14.3866
0.037395
0.027706
0.029511
0.050665
0.030387
6.84358
10.8765
11.7584
0.037095
0.029562
0.05491
0.037704
3.51305
7.54795
8.51268
20.9987
0.04331
0.036143
0.02907
0.055728
0.054858
0.026442
0.034199
7.74515
0.036375
0.027043
0.028042
0.033396
0.034207
0.03383
0.042538
12.4054
0.059364
0.029949
0.029107
0.031997
0.052023
0.032519
6.62071
21.9595
0.034929
0.029714
0.032309
0.045626
0.03597
1.43147
16.865
19.9988
0.030154
0.028096
0.029428
0.039035
0.030861
0.047198
0.986808
4.0833
0.033385
0.030817
0.034308
0.040041
0.044755
3.25518
6.19566
8.29822
0.045146
0.028085
0.03964
0.03331
4.15596
7.12961
8.33025
9.11084
0.053621
0.029949
0.036609
0.041458
0.127002
3.32144
4.39687
5.22905
0.037916
0.032696
0.035177
0.034819
0.05639
2.36395
3.55865
4.34677
0.033786
0.029297
0.034594
0.058392
0.040439
0.039356
0.044586
0.830541
0.048397
0.028768
0.026631
0.031158
0.049331
0.045595
0.035388
0.028947
0.03545
0.028038
0.028995
0.032227
0.042749
0.025411
0.037453
0.049571
0.034063
0.047463
0.054234
0.033867
0.037816
0.658664
1.77218
2.60582
0.035865
0.027789
0.063596
0.05163
0.900758
3.99786
5.11733
5.96082
0.061304
0.028192
0.04848
0.034631
4.47867
7.55477
8.73494
9.64602
0.06013
0.028084
0.045593
0.032162
8.8885
11.9994
13.1214
13.8838
0.033403
0.025819
0.041943
0.031616
4.74674
7.81076
9.08111
9.81528
0.031997
0.02952
0.041482
0.037876
0.036406
2.50932
3.50691
4.42826
0.045024
0.033017
0.044554
0.0574
0.03539
2.86388
4.02969
4.94647
0.033918
0.02782
0.038103
0.049626
1.95525
4.93852
6.1275
7.02146
0.033433
0.038373
0.033463
0.056303
0.033125
0.98121
2.1763
2.93324
0.046027
0.035639
0.034125
0.037051
8.99105
12.1678
13.3061
14.1305
0.034898
0.031441
0.031353
0.035588
2.85204
5.90271
7.13544
8.00509
0.034757
0.030653
0.034562
0.045457
4.25857
7.33518
8.468
9.42896
0.048024
0.027905
0.027561
0.029963
0.039306
0.036931
0.045099
0.030833
0.035454
0.037197
0.030636
0.028219
0.032074
0.037817
0.026366
0.04495
0.026724
0.031753
0.029479
0.027414
0.054335
0.025301
0.052443
0.066946
0.032139
0.056238
0.032871
0.061502
0.055979
0.028077
0.045272
27.618
0.032956
0.032704
0.032401
0.043377
0.051259
0.032075
8.70532
12.7122
0.044514
0.034312
0.028789
0.036529
0.024135
6.47511
10.4118
11.4625
0.034388
0.035015
0.037701
0.063377
0.094974
9.77904
13.6601
14.5958
0.036516
0.030576
0.027183
0.054695
0.032069
2.26268
6.32559
7.23212
0.033758
0.026313
0.027598
0.063822
0.031081
0.896015
5.0097
5.88538
0.034813
0.037951
0.028325
0.0381
0.031335
8.43829
12.4314
13.3422
0.032866
0.028767
0.031509
0.046665
0.042042
6.11324
10.0473
11.057
0.030531
0.028952
0.025742
0.025621
0.049768
0.032341
0.037663
0.056359
0.041874
0.032203
6.91769
10.9986
11.9398
0.032761
0.030812
0.032916
0.044182
0.051092
4.41606
8.46557
9.32786
0.036868
0.034208
0.028857
0.040217
0.031141
3.81002
7.95406
8.6898
0.032685
0.027345
0.035895
0.046895
0.027904
6.33376
10.3008
11.2448
0.036031
0.029067
0.03168
0.038131
0.056081
0.329224
4.4003
5.35427
0.032745
0.037647
0.040428
0.056622
0.024407
0.582995
4.63911
5.60346
0.06219
0.032261
0.035228
0.024309
0.029034
2.18847
3.22578
15.6084
0.029866
0.030922
0.040932
0.038302
0.04212
0.330065
1.34381
13.5837
0.047875
0.029399
0.03051
0.045563
0.037049
0.035622
0.02695
8.28834
0.062666
0.030785
0.030771
0.121534
0.030093
0.045284
0.039081
9.67103
0.029465
0.041836
0.05471
0.031713
2.5181
3.39213
15.7471
34.2985
0.032721
0.03094
0.031613
0.05052
0.052304
0.050228
0.034314
6.09787
0.033251
0.029731
0.030622
0.042549
0.047013
0.052022
0.703146
1.55597
0.035268
0.037921
0.031007
0.027351
0.041917
0.034417
0.031123
0.039663
0.048533
0.028155
0.030122
0.033
0.04487
0.034898
0.060459
0.035482
0.0428
0.027509
0.026972
0.044097
0.04373
0.034398
0.031258
21.6725
0.042645
0.032301
0.032752
0.042727
0.048142
0.038672
8.25077
12.2819
0.038397
0.033407
0.039835
0.027203
0.052949
7.85442
11.8825
12.8618
0.035765
0.028027
0.035739
0.059935
0.024336
2.48476
6.42508
7.46822
0.034597
0.03023
0.059087
0.038003
0.024198
2.93753
6.82733
7.89912
0.030258
0.031544
0.026426
0.02435
0.043581
2.50393
6.48909
7.40614
0.034772
0.029159
0.044312
0.052183
3.47638
7.57652
8.43297
20.779
0.040383
0.028317
0.029462
0.04127
0.034064
0.04284
0.51265
12.9035
0.036418
0.025554
0.030256
0.040467
0.047358
0.036284
0.036401
12.1646
0.037452
0.028975
0.04203
0.039602
0.024697
2.85065
3.81802
16.1791
0.029911
0.030786
0.039821
0.042203
0.030197
1.77857
2.74442
15.0355
0.050063
0.032323
0.031677
0.037392
0.033927
0.045674
0.029835
7.56759
0.031047
0.049417
0.03112
0.041543
0.48301
1.39445
13.8144
32.2616
0.041618
0.032003
0.029457
0.052444
0.046746
0.036667
0.027838
9.90299
0.030295
0.029605
0.035943
0.035452
6.73299
9.80769
10.955
11.7605
0.028078
0.027118
0.03595
0.04072
6.13307
9.31421
10.4219
11.2282
0.034888
0.027301
0.033622
0.028299
0.043958
0.025373
0.032763
0.031035
0.047249
0.032194
0.02611
0.030597
0.065225
0.037813
0.032559
0.042544
0.040117
0.032838
0.027805
0.035232
0.049026
0.030411
0.02994
31.6765
0.036268
0.057106
0.027286
0.035767
0.041794
0.031593
7.42928
11.4737
0.035771
0.029195
0.032953
0.110278
0.024936
0.960906
4.94525
5.97107
0.034857
0.031229
0.029127
0.034831
0.039489
3.86026
7.94188
8.9638
0.030333
0.049719
0.04504
0.049203
0.030159
11.4905
15.5946
16.5508
0.043309
0.034568
0.030994
0.048781
0.035991
4.08195
5.03609
17.4103
0.035762
0.032747
0.046908
0.036399
0.034293
1.2719
2.20701
14.5677
0.066353
0.04533
0.030637
0.027702
0.033312
0.04984
0.050557
11.0639
0.03289
0.029182
0.028967
0.035169
0.038437
0.041728
0.03574
11.6875
0.043237
0.029833
0.040588
0.737222
1.67553
14.1022
29.4189
32.5646
0.030711
0.037538
0.03479
0.036629
0.026437
0.033835
4.38202
7.47097
0.036434
0.03163
0.033235
0.082038
2.69154
5.69997
6.86352
7.69592
0.037521
0.027884
0.039293
0.036771
2.62928
5.70085
6.77725
7.78788
0.066437
0.029334
0.03897
0.067814
4.42617
7.51291
8.60418
9.50318
0.036567
0.029806
0.032207
0.051469
1.35615
4.49864
5.53411
6.44726
0.034159
0.030081
0.051569
0.042261
2.19063
5.28294
6.50125
7.35467
0.041221
0.033386
0.046049
0.039262
0.037016
2.342
3.55816
4.42953
0.039271
0.031312
0.036044
0.045818
5.79624
8.90967
10.093
10.8909
0.046949
0.03867
0.029797
0.030253
0.053624
0.028811
1.07065
1.947
0.045356
0.030368
0.027669
0.03036
0.04204
0.038258
0.037684
0.036576
0.032947
0.024405
0.028414
0.043364
0.04764
0.0385
0.040049
0.034562
0.033725
0.031364
0.029609
0.039204
0.046261
0.030079
14.7933
18.8669
0.035687
0.03657
0.051903
0.02908
0.028517
0.046251
6.19866
10.2442
0.03517
0.028539
0.03125
0.047828
0.043838
0.061639
0.035173
0.029108
0.025845
0.043313
0.023519
4.57589
8.59515
9.66208
0.035533
0.029204
0.046879
0.042899
0.026765
2.56038
3.39512
15.8526
0.036736
0.028892
0.026917
0.06086
0.03282
0.032077
0.072167
10.3347
0.034065
0.029606
0.028755
0.045405
0.027991
0.043969
0.032517
11.3563
0.030911
0.026338
0.035207
0.061899
0.029955
0.041364
0.048435
10.324
0.034067
0.035736
0.031734
0.031152
0.064422
0.039397
0.042421
1.73523
0.03875
0.030931
0.030505
0.046256
0.033712
0.033031
14.5804
15.4674
0.031775
0.02761
0.037258
0.058756
3.24186
6.22829
7.39263
8.30133
0.032537
0.044152
0.027158
0.031656
0.040137
0.031415
0.04413
0.02998
0.032936
0.029107
0.031776
0.055062
0.032145
0.047489
0.043208
0.65304
0.057759
0.031925
0.031444
0.02883
0.042131
0.043217
0.031196
0.034267
0.033306
0.027819
0.040205
0.057706
0.04154
2.1291
3.31587
4.17295
0.035943
0.027098
0.029695
0.035551
0.032727
2.48786
3.76408
4.54664
0.030723
0.033292
0.042643
0.041926
3.97885
6.99978
8.14683
9.13524
0.035276
0.029425
0.031827
0.050002
7.10374
10.1944
11.2694
12.144
0.035891
0.031444
0.034523
0.034995
4.55407
7.53821
8.65819
9.48872
0.034927
0.036416
0.067015
0.02833
9.55791
12.4936
13.7198
14.5652
0.04948
0.028124
0.051212
0.034782
5.75507
8.8254
10.0793
10.9133
0.041742
0.031548
0.039717
0.033902
5.13994
8.2493
9.43511
10.2287
0.034024
0.030639
0.043581
0.039597
4.43985
7.55494
8.66399
9.47536
0.047641
0.028995
0.030216
0.044679
0.033993
2.44249
3.53719
4.50259
0.029974
0.027316
0.034831
0.037415
5.35513
8.34473
9.51504
10.4126
0.079252
0.030514
0.033432
0.040671
5.25859
8.28927
9.3323
10.2692
0.033736
0.027318
0.054835
0.047332
5.87216
8.87242
9.99716
10.8085
0.031793
0.030677
0.037284
0.030508
4.29043
7.3105
8.56636
9.42047
0.034694
0.027596
0.030915
0.035146
3.18145
6.21105
7.46775
8.49579
0.032264
0.032031
0.036995
0.068398
0.034096
2.80992
3.939
4.9233
0.036639
0.034471
0.029651
0.028303
0.048803
0.041244
0.03485
0.035489
0.028354
0.032886
0.033116
0.027008
0.03603
0.028263
0.048541
0.053395
0.035445
0.03649
0.032328
0.029293
0.038807
0.041355
0.030937
0.0371
0.029877
0.035895
0.029812
0.044473
0.036404
0.03394
0.048305
26.7111
0.035244
0.02902
0.033233
0.048919
0.041034
1.25606
5.33364
6.28301
0.056194
0.033563
0.029697
0.032664
0.052283
4.2176
8.21217
9.19436
0.062914
0.03016
0.03253
0.03739
0.034818
5.24667
9.10491
10.135
0.053997
0.055824
0.028557
0.042458
0.031426
9.6872
13.7695
14.5935
0.035525
0.031114
0.030897
0.03814
0.031702
5.19212
9.19078
10.2725
0.035086
0.030052
0.028213
0.041664
0.032828
6.27566
10.2222
11.109
0.06988
0.031261
0.031848
0.035236
0.040061
7.21389
11.1596
12.0741
0.045402
0.042204
0.030796
0.04379
0.033414
4.89884
8.91669
9.94672
0.03246
0.029617
0.027514
0.033297
0.052727
0.05217
1.72843
2.69411
0.033758
0.039705
0.03017
0.045342
0.025393
7.32055
11.3754
12.2107
0.0335
0.030502
0.044613
0.039996
6.05086
9.9648
10.941
23.4238
0.02945
0.043327
0.031794
0.045285
0.033377
3.67484
4.65039
16.9706
0.030421
0.057718
0.031532
0.030113
0.04153
3.52812
4.44542
0.034572
0.030768
0.03468
0.03651
0.041464
0.061096
0.031466
10.7386
0.051498
0.037913
0.027143
0.059672
0.028067
0.054105
0.031037
9.5045
0.029039
0.034944
0.033173
0.036469
0.031771
0.047277
0.027458
12.3826
0.036611
0.036187
0.045663
0.04104
0.024634
0.45801
1.37058
13.8472
0.035486
0.033817
0.034466
0.040992
0.028247
0.030293
0.298016
12.7442
0.033612
0.027083
0.030481
0.050404
0.033223
0.043838
0.046533
10.5626
0.044108
0.030625
0.029382
0.035838
0.026593
0.035299
0.793449
13.1328
0.068862
0.031902
0.038358
0.072299
0.030027
0.028546
0.298888
12.6901
0.029852
0.042468
0.09355
0.040225
0.035852
1.10328
13.47
31.9129
0.031582
0.031303
0.029668
0.041617
0.040353
0.035425
0.047702
16.4862
0.03238
0.033066
0.037283
0.039663
8.84063
11.815
12.9925
13.9124
0.031805
0.030023
0.046048
0.047736
3.5703
6.61372
7.7241
8.66137
0.033904
0.030173
0.032161
0.03094
0.049822
0.045215
0.040769
0.030766
0.032056
0.027317
0.027357
0.036899
0.054021
0.032715
0.034833
0.619118
0.034635
0.036573
0.030078
0.030952
0.032792
0.045335
0.037019
0.02981
0.042114
0.036963
0.029712
0.044749
0.038076
0.030435
0.25495
1.24497
0.030613
0.035739
0.028694
0.032326
0.033599
0.045388
0.056585
0.021274
0.035617
0.034328
0.027984
0.04365
0.039585
0.036225
0.265791
1.12269
0.056245
0.038202
0.036782
0.165637
0.032009
0.067988
0.082333
0.040686
0.03128
0.035356
0.029087
0.03159
0.028798
0.041742
0.030087
28.1987
0.045728
0.051088
0.029336
0.030109
0.031528
0.03548
0.032315
10.9959
0.030201
0.036297
0.026775
0.048542
0.032513
12.8993
16.9669
17.944
0.0348
0.028454
0.033186
0.045164
0.050907
8.53511
12.4429
13.3396
0.031308
0.035517
0.023343
0.046762
0.041484
3.33179
7.41981
8.30044
0.04745
0.031581
0.030061
0.034697
0.023475
4.16906
8.18683
9.12957
0.033125
0.032856
0.031192
0.039128
0.062088
0.032624
1.12665
1.93211
0.036667
0.028495
0.026767
0.035706
0.037386
1.39976
5.38635
6.41094
0.031093
0.030574
0.050436
0.029711
5.26779
9.15013
10.1863
22.5642
0.031423
0.027636
0.046977
0.054844
0.032824
3.99931
5.01686
0.031725
0.028611
0.044177
0.034509
0.85325
4.91195
5.83579
18.2989
0.033539
0.028565
0.040897
0.02534
0.03583
3.36744
4.27004
16.7237
0.034225
0.024136
0.046854
0.054045
0.023355
1.3881
2.37579
14.7184
0.02412
0.035923
0.038733
0.042329
0.048235
0.197397
1.16292
13.5427
0.030525
0.042543
0.027381
0.035933
0.037692
0.043691
0.031891
9.01851
0.047206
0.035789
0.027235
0.034108
0.0486
0.032802
0.059546
4.15424
0.034185
0.025627
0.029436
0.044911
0.030751
10.3118
25.664
29.7819
0.041621
0.049084
0.028921
0.027711
0.029947
0.035604
3.54313
7.7642
0.036943
0.026682
0.034866
0.034245
5.81898
8.81339
10.0091
10.7618
0.037112
0.030791
0.04094
0.037894
2.24553
5.27083
6.53324
7.33528
0.032162
0.030671
0.054781
0.033921
0.053796
3.19689
4.36103
5.23869
0.048848
0.027122
0.077416
0.031247
3.17667
6.25541
7.32618
8.34804
0.035339
0.030421
0.038011
0.046859
0.042353
2.61213
3.75949
4.63365
0.03273
0.031908
0.035514
0.045342
5.7692
8.8447
9.96134
10.828
0.03369
0.029459
0.035699
0.047597
0.035645
1.56943
2.73533
3.64446
0.044864
0.031025
0.02964
0.031837
0.048859
0.037009
0.042424
0.033932
0.034483
0.034207
0.03689
0.034712
0.034972
2.42248
3.62036
4.49116
0.031239
0.028746
0.058784
0.043989
3.54166
6.72604
7.88225
8.66518
0.033249
0.031418
0.030997
0.049935
2.16052
5.18226
6.3264
7.23877
0.032112
0.031061
0.035655
0.048317
4.40505
7.47827
8.59421
9.52492
0.066499
0.096434
0.092419
0.059875
0.029894
0.027867
1.26545
2.19494
0.031973
0.029136
0.042982
0.052278
2.36687
5.39689
6.49178
7.33132
0.045232
0.028497
0.036315
0.054074
2.48903
5.45296
6.65983
7.49136
0.032793
0.033093
0.035732
0.0366
0.041066
1.38536
2.58758
3.43604
0.042345
0.042763
0.041196
0.028666
3.71528
6.85011
7.89122
8.89049
0.044986
0.029438
0.034361
0.033021
6.27922
9.35102
10.4103
11.2581
0.031136
0.05706
0.061095
0.03513
7.14402
10.2463
11.7756
12.1133
0.036341
0.042678
0.037673
0.035011
5.91507
8.85789
10.3626
10.9408
0.035777
0.026712
0.038661
0.044784
1.306
4.29039
5.51869
6.36528
0.027573
0.034976
0.050039
0.031897
0.029857
0.051964
0.032676
0.03991
0.054603
0.030161
0.044259
0.02616
0.030608
0.028787
0.032224
0.053586
0.034044
0.028012
0.027501
0.02964
0.031545
0.03246
0.04226
22.8769
0.034979
0.032237
0.028961
0.049028
0.047106
0.030419
0.036656
15.9181
0.034051
0.033681
0.031573
0.049964
0.03408
0.028534
0.127279
12.494
0.043355
0.040499
0.029503
0.054861
0.041293
12.5069
16.5826
17.4142
0.037066
0.035371
0.040158
0.027496
0.038442
9.39534
13.3307
14.3075
0.03714
0.024805
0.034826
0.038864
0.040573
4.74817
8.80211
9.65898
0.035565
0.028013
0.041948
0.027357
0.036904
0.164462
4.34429
5.23006
0.034374
0.029192
0.028227
0.030422
0.046511
0.028523
0.290636
0.043798
0.03626
0.030336
0.040431
0.041026
0.044857
3.1388
4.01141
16.5451
0.034132
0.027909
0.028916
0.0383
0.04048
0.056158
0.031961
11.8765
0.038789
0.035338
0.037663
0.051656
0.048645
0.030138
0.030114
6.78285
0.030375
0.039164
0.040163
0.04013
0.033332
2.65859
22.3439
23.0977
0.05406
0.030923
0.03001
0.058498
0.036049
8.21029
9.35766
10.288
0.036421
0.028372
0.048821
0.039241
2.12792
5.12174
6.24649
7.17114
0.034182
0.040081
0.03464
0.034666
5.44767
8.41837
9.54951
10.506
0.051043
0.033271
0.057022
0.033041
4.0676
7.06827
8.21314
9.05793
0.047512
0.03035
0.036246
0.03595
5.57162
8.53474
9.71037
10.635
0.04482
0.030542
0.047013
0.037698
3.78678
6.80878
8.04563
8.9757
0.032809
0.031018
0.034817
0.031787
2.77479
5.83361
7.07943
7.9232
0.034394
0.034955
0.040874
0.037759
0.040709
2.39417
3.39882
4.37484
0.041006
0.029517
0.032558
0.030039
0.041237
0.033458
0.041916
0.037095
0.048216
0.029457
0.02817
0.03604
0.034895
0.037316
0.047524
0.046708
0.033103
0.029155
0.048987
0.036346
0.029382
0.027648
0.610553
33.0686
0.045316
0.029291
0.028823
0.057693
0.037576
0.034439
18.177
22.3252
0.034927
0.02927
0.028608
0.03355
0.032562
8.1698
12.256
13.1253
0.034534
0.030453
0.025968
0.047275
0.024896
2.58238
6.48474
7.5456
0.032528
0.037077
0.033168
0.065373
0.026704
6.34427
10.5429
11.3466
0.034809
0.030066
0.029935
0.035205
0.045296
3.8202
7.9157
8.77401
0.027769
0.036155
0.040248
0.059571
0.025621
7.98384
11.9316
13.0872
0.027895
0.03444
0.028353
0.05367
0.026708
7.933
11.8134
12.7912
0.040062
0.035098
0.02827
0.032615
0.031562
5.66818
9.55321
10.611
0.03439
0.029713
0.026355
0.049651
0.031593
10.7367
14.7768
15.7308
0.049898
0.03289
0.029711
0.031775
0.042303
10.1737
14.2295
15.16
0.032591
0.038108
0.036619
0.05068
0.054969
9.75773
13.8097
14.7528
0.033072
0.034002
0.036217
0.074268
0.029463
5.09774
9.02151
9.91362
0.030377
0.032137
0.037952
0.045436
0.02825
0.789325
4.86806
5.73331
0.043835
0.02909
0.031808
0.03039
0.037372
1.01828
5.03916
6.0009
0.032567
0.031607
0.0392
0.028801
3.1961
7.27811
8.12712
20.4885
0.035545
0.030488
0.03759
0.044661
2.59892
6.58093
7.61356
19.9631
0.03168
0.027558
0.032348
0.046115
0.041322
0.03739
0.749145
13.1038
0.032157
0.028032
0.034702
0.031001
0.041191
0.044536
0.027163
6.89133
0.034027
0.0299
0.040144
0.047794
0.030101
0.036971
0.040155
0.039231
0.052229
0.066267
0.034637
0.044001
2.02639
20.2565
22.3876
0.036362
0.03159
0.05369
0.040723
0.046537
6.30087
7.46365
8.36529
0.034579
0.062983
0.033841
0.032285
3.86856
6.99445
8.17929
9.04485
0.042026
0.041825
0.030261
0.031302
6.33982
9.35911
10.5016
11.3733
0.034508
0.0296
0.038407
0.03548
9.84569
12.8206
14.0245
14.9465
0.035348
0.045264
0.034428
0.02978
4.49047
7.41446
8.63687
9.50957
0.031931
0.031814
0.046657
0.034149
7.0609
10.1465
11.2207
12.1983
0.040389
0.033718
0.026999
0.043479
0.043279
0.036252
0.431961
1.29491
0.037395
0.031555
0.028568
0.028638
0.029191
0.044676
0.036822
0.031505
0.037183
0.035616
0.028822
0.034617
0.042593
0.045201
0.049929
0.052695
0.03377
0.037017
0.039634
0.030908
0.044754
0.02835
13.4858
18.586
0.033803
0.02953
0.036653
0.030458
0.040176
0.04609
11.5283
16.3687
0.039416
0.033279
0.026953
0.048432
0.030904
8.98105
13.0236
13.8311
0.035771
0.031739
0.029339
0.051536
0.041419
11.1838
15.1464
16.0729
0.033454
0.0311
0.026671
0.049668
0.030361
7.44161
11.4821
12.3901
0.03002
0.0297
0.042486
0.052235
7.09525
11.1554
12.0941
24.4449
0.055216
0.032085
0.028488
0.036605
0.026412
0.035995
0.61684
12.9544
0.060643
0.026376
0.038594
0.041619
0.031115
3.61423
4.53956
16.9837
0.031077
0.031246
0.084729
0.031575
4.33658
8.39074
9.29158
21.8216
0.043065
0.028984
0.031642
0.042556
0.039561
0.027946
0.032549
11.6105
0.034079
0.029823
0.053948
0.045262
0.048636
0.031653
0.050074
9.12
0.045819
0.04031
0.026176
0.03417
0.057779
11.5716
26.6982
30.958
0.036458
0.030911
0.029941
0.0334
0.045892
0.046737
6.04652
10.1845
0.030049
0.027275
0.045986
0.030111
11.7518
14.9134
15.8866
16.804
0.036331
0.035734
0.030646
0.033264
1.20296
4.1539
5.36313
6.24816
0.053558
0.033708
0.034841
0.06867
0.036746
0.90502
2.10972
2.99276
0.035038
0.027962
0.059719
0.059157
2.89553
5.86079
7.03918
7.92827
0.036024
0.031484
0.038537
0.041407
1.50164
4.61205
5.80683
6.76008
0.034437
0.026336
0.039972
0.040857
2.32391
5.33152
6.48869
7.41185
0.040148
0.032672
0.044263
0.029174
0.818256
3.85602
4.97531
5.90773
0.048615
0.03671
0.034139
0.048514
2.32067
5.3925
6.51478
7.45008
0.032297
0.032529
0.040133
0.040721
6.54537
9.6141
10.712
11.661
0.037821
0.041293
0.031398
0.043169
3.01771
5.98866
7.24389
8.04
0.039842
0.037564
0.031423
0.037712
4.20023
7.12117
8.33675
9.20606
0.035375
0.024405
0.035054
0.037893
3.15846
6.2215
7.42465
8.33752
0.035846
0.04131
0.034532
0.029918
0.267003
3.32175
4.4855
5.45852
0.033197
0.031433
0.028984
0.06583
0.033457
0.035107
0.089163
0.034259
0.040692
0.024167
0.044869
0.039135
0.035012
2.63786
3.81188
4.75718
0.035708
0.044146
0.046575
0.039899
2.66341
5.74579
6.79579
7.79596
0.033874
0.030278
0.037872
0.035802
0.943378
3.91419
5.05242
5.99533
0.036639
0.031558
0.045574
0.041616
2.50161
5.60841
6.76866
7.70732
0.033033
0.027856
0.042323
0.03633
3.96101
7.02644
8.28651
9.03507
0.040453
0.030436
0.035319
0.035434
4.33672
7.37348
8.51059
9.46292
0.030943
0.036157
0.03401
0.040471
6.60369
9.59512
10.7163
11.6433
0.037305
0.032318
0.033685
0.036006
2.24984
5.3365
6.41601
7.41156
0.043836
0.121965
0.050236
0.0314
0.032162
0.033182
1.40206
2.21361
0.029709
0.031991
0.030498
0.036591
3.58336
6.49157
7.73588
8.57091
0.031556
0.035075
0.054211
0.031224
5.62401
8.73355
9.92238
10.7734
0.0344
0.059715
0.032794
0.03127
0.043725
0.026267
0.049807
0.049202
0.048927
0.031157
0.039654
0.044515
0.035353
1.92313
2.97706
3.8953
0.031683
0.049343
0.06221
0.0301
1.60872
4.69016
5.71758
6.67777
0.039291
0.030713
0.041106
0.047346
0.031418
2.6362
3.7424
4.68966
0.031736
0.031519
0.037594
0.033479
0.040167
2.29583
3.45707
4.3499
0.036239
0.03214
0.047454
0.063333
1.80513
4.79799
5.96077
6.885
0.034153
0.03301
0.041779
0.048818
7.10459
10.1352
11.4614
12.2283
0.031526
0.030877
0.030463
0.044293
3.2966
6.32689
7.4944
8.42026
0.034788
0.029737
0.029393
0.026568
0.04929
0.029471
0.03865
0.033101
0.043951
0.034944
0.042828
0.029471
0.04761
0.043592
0.033659
0.036283
0.04844
0.030477
0.032519
0.027165
0.030032
0.053741
0.033426
0.037398
0.033438
0.03587
0.026205
0.030602
0.03055
0.037776
0.036799
0.053858
0.039455
0.027962
0.027025
0.04762
0.034409
0.043808
14.278
18.1863
0.034661
0.028012
0.033062
0.04161
0.043429
0.029597
8.43354
12.4821
0.029744
0.036596
0.033258
0.041038
0.026705
0.040288
9.52372
13.5667
0.035637
0.034016
0.03286
0.047087
0.029826
5.23315
9.29482
10.0761
0.042637
0.034439
0.031607
0.024576
0.031102
4.26572
8.17722
9.10835
0.042409
0.029871
0.030238
0.040448
0.035789
0.034817
2.98201
3.88271
0.036301
0.028819
0.028447
0.041428
0.024186
6.63201
10.6348
11.6269
0.053492
0.060427
0.061588
0.043638
7.7503
11.7516
12.6367
25.2025
0.034677
0.027128
0.030422
0.051215
0.049666
3.4398
4.43628
16.8457
0.035136
0.029233
0.049669
0.024928
0.381163
4.48412
5.44041
17.7983
0.035931
0.030304
0.029336
0.032307
0.030537
0.041066
0.045866
11.4162
0.037067
0.043038
0.027472
0.048805
0.029314
0.044078
0.045427
6.00159
0.05149
0.062709
0.027604
0.032167
0.031236
0.030619
0.042178
1.88393
0.050089
0.032991
0.026845
0.063283
0.034422
0.04635
14.7346
15.8999
0.030508
0.026853
0.033909
0.032263
2.82722
5.83939
6.97381
7.87163
0.031906
0.035035
0.029434
0.029201
0.040634
0.058027
0.041456
0.035593
0.032672
0.030464
0.02734
0.028402
0.042822
0.031713
0.068859
0.063497
0.041115
0.038719
0.029153
0.034793
0.032194
0.032071
0.031415
23.7551
0.036175
0.027073
0.032383
0.047421
0.045128
0.034943
7.28127
11.3159
0.042914
0.040001
0.026443
0.069588
0.038085
9.82507
13.9657
14.78
0.032647
0.027817
0.028025
0.04015
0.028614
3.84246
7.82226
8.77935
0.04902
0.029642
0.030932
0.036739
0.032482
4.05921
8.12203
9.14343
0.033812
0.030954
0.034666
0.042896
0.05347
0.029222
3.82813
4.65074
0.043348
0.03962
0.033387
0.043988
0.045987
0.037656
2.66287
3.52365
0.034276
0.027136
0.026777
0.031129
0.041207
0.038706
0.039887
9.29249
0.055239
0.027621
0.027887
0.060035
0.059702
0.049467
0.030315
7.53414
0.031989
0.030044
0.03184
0.032458
0.047911
0.032013
0.036627
0.037642
0.035893
0.030965
0.033177
0.048833
0.03887
0.035022
0.051178
6.69205
0.034379
0.031247
0.036808
0.047951
3.29347
6.28908
7.46209
8.38781
0.041884
0.02923
0.045238
0.039379
1.22144
4.30566
5.43521
6.35082
0.039703
0.040106
0.030553
0.026176
0.033942
0.048383
0.048911
0.033388
0.03393
0.036306
0.032784
0.029655
0.057521
0.040445
0.029447
0.033102
0.03549
0.031544
0.040696
0.026648
0.029471
0.352509
29.2785
33.1915
0.036124
0.031163
0.027521
0.049
0.023349
0.036693
7.54726
11.6037
0.036086
0.029528
0.030233
0.044406
0.028626
6.06057
10.1518
11.082
0.033723
0.030219
0.030396
0.043581
0.023604
12.1492
16.1542
17.01
