0.023309
0.017968
0.018778
0.023839
0.017404
0.016169
0.016793
0.014323
0.024235
0.021716
0.020553
0.016244
0.016477
0.017295
0.019214
0.017459
0.022938
0.033243
0.019288
0.014353
0.017686
0.01858
0.015377
0.015193
0.024066
0.021718
0.018234
0.018124
0.015642
0.018137
0.014595
0.014816
0.02215
0.019745
0.020711
0.017406
0.017927
0.01739
0.01614
0.015712
0.028566
0.024087
0.019334
0.022563
0.017263
0.018135
0.017308
0.016627
0.027465
0.020094
0.022003
0.01654
0.015413
0.018603
0.015337
0.015652
0.02994
0.020573
0.029726
0.022935
0.015945
0.022497
0.015734
0.014647
0.025088
0.022763
0.025667
0.020858
0.017809
0.023119
0.020487
0.019598
0.024485
0.021073
0.021667
0.016569
0.014995
0.02016
0.016446
0.029011
0.02499
0.023419
0.023655
0.020404
0.017274
0.018759
0.014134
0.013673
0.022889
0.02829
0.019726
0.015006
0.015999
0.016678
0.016941
0.015667
0.024552
0.019748
0.023043
0.017304
0.018441
0.020444
0.01481
0.015582
0.022694
0.018559
0.027182
0.017665
0.016566
0.015398
0.014504
0.015854
0.027011
0.021412
0.021624
0.017022
0.018279
0.015806
0.015279
0.017234
0.026642
0.015991
0.027604
0.016637
0.016356
0.020805
0.018638
0.017864
0.029772
0.024668
0.019873
0.016213
0.019443
0.016428
0.018528
0.014687
0.037042
0.02059
0.017967
0.018244
0.016626
0.015029
0.017241
0.018509
0.021761
0.023011
0.019256
0.014212
0.015139
0.017192
0.018176
0.016123
0.030781
0.023487
0.020337
0.014838
0.017961
0.018167
0.01517
0.022828
0.024336
0.030832
0.018368
0.015093
0.016115
0.015651
0.01583
0.014599
0.023918
0.02341
0.019242
0.018288
0.015532
0.018939
0.017843
0.022186
0.023727
0.023146
0.019189
0.015031
0.01557
0.0174
0.017618
0.017801
0.022003
0.02035
0.022007
0.014617
0.018007
0.019082
0.021205
0.019008
0.031085
0.019971
0.021988
0.018095
0.018061
0.019808
0.015447
0.027104
0.025075
0.020016
0.021036
0.015261
0.017921
0.019257
0.01733
0.01845
0.025308
0.023241
0.019071
0.017106
0.016801
0.017826
0.022332
0.017915
0.026392
0.022087
0.024654
0.018914
0.024894
0.019142
0.019487
0.016511
0.028943
0.021486
0.024275
0.018867
0.0198
0.020304
0.01543
0.016319
0.030547
0.021293
0.017681
0.014441
0.016881
0.017567
0.015004
0.014611
0.024186
0.020056
0.020317
0.016691
0.016431
0.019808
0.015728
0.016031
0.023126
0.020275
0.018069
0.014922
0.029176
0.022324
0.019746
0.030881
0.025455
0.03225
0.017755
0.01775
0.019659
0.018022
0.018571
0.018053
0.034992
0.026297
0.024289
0.01704
0.017171
0.015514
0.016657
0.01629
0.029732
0.023477
0.021998
0.014779
0.017221
0.018307
0.017141
0.016861
0.031127
0.024535
0.022238
0.02771
0.022559
0.021264
0.017631
0.024127
0.023723
0.01933
0.021572
0.015892
0.01848
0.019472
0.016011
0.019674
0.026258
0.02175
0.018666
0.020348
0.019084
0.018863
0.047532
0.017813
0.04293
0.028671
0.021457
0.021066
0.018964
0.020457
0.019111
0.021345
0.038524
0.02423
0.01859
0.019054
0.015946
0.017525
0.018124
0.019273
0.023728
0.02478
0.03085
0.016881
0.018127
0.019379
0.015804
0.016755
0.023978
0.022607
0.021372
0.016465
0.015646
0.018839
0.019554
0.019357
0.029046
0.022439
0.024245
0.018001
0.017466
0.02249
0.018933
0.017293
0.024767
0.023296
0.018462
0.016493
0.019097
0.01997
0.017066
0.01506
0.031186
0.021921
0.024666
0.017521
0.01517
0.019317
0.01676
0.020818
0.029493
0.023897
0.023487
0.015778
0.019556
0.017942
0.02804
0.020554
0.024269
0.037832
0.018389
0.014745
0.015252
0.018432
0.014754
0.015808
0.03025
0.020249
0.027029
0.017681
0.018751
0.018848
0.014626
0.018288
0.026984
0.023553
0.01908
0.017912
0.018951
0.019097
0.02061
0.019449
0.029094
0.016514
0.017927
0.021824
0.016748
0.019738
0.023724
0.027779
0.023467
0.026876
0.019252
0.019376
0.024288
0.020981
0.021169
0.019788
0.031656
0.020014
0.023665
0.01807
0.020247
0.02598
0.022089
0.017077
0.031815
0.022799
0.019355
0.016779
0.020462
0.019762
0.022565
0.017347
0.027842
0.022043
0.026864
0.019592
0.0211
0.014382
0.015104
0.017904
0.031226
0.018849
0.020256
0.017068
0.017152
0.017918
0.014622
0.01532
0.031446
0.01971
0.019429
0.017019
0.018089
0.01856
0.017479
0.029829
0.029287
0.019289
0.024607
0.017719
0.017681
0.01826
0.018525
0.01371
0.023307
0.019553
0.019878
0.015369
0.019182
0.016495
0.019518
0.022639
0.03162
0.019829
0.018815
0.015653
0.018846
0.018666
0.017766
0.018154
0.022482
0.021655
0.023105
0.017834
0.014223
0.018605
0.019089
0.018458
0.030353
0.020728
0.022214
0.015735
0.017587
0.019422
0.016193
0.01656
0.03023
0.021175
0.02064
0.014972
0.01754
0.019864
0.016401
0.015077
0.027002
0.020199
0.018489
0.017819
0.020422
0.018117
0.01577
0.01487
0.02816
0.019184
0.017331
0.015887
0.01455
0.019099
0.016646
0.0184
0.025591
0.019541
0.018011
0.015012
0.018132
0.017736
0.015817
0.01511
0.03061
0.02033
0.023254
0.016497
0.019299
0.016728
0.017882
0.019411
0.030447
0.020516
0.018365
0.014632
0.016759
0.018495
0.015852
0.017688
0.025985
0.018684
0.021284
0.014628
0.016432
0.016392
0.016569
0.014592
0.022858
0.020635
0.018505
0.017508
0.015298
0.019768
0.018225
0.014989
0.022641
0.019922
0.0188
0.019718
0.015598
0.016666
0.015606
0.016007
0.041825
0.024677
0.022046
0.017145
0.01621
0.017597
0.016021
0.014519
0.025062
0.018573
0.023237
0.014326
0.015059
0.019683
0.015315
0.015487
0.024504
0.023639
0.017406
0.016821
0.016431
0.015222
0.017843
0.018508
0.026341
0.020851
0.019706
0.014818
0.018533
0.018408
0.016906
0.018851
0.062306
0.021157
0.016944
0.014567
0.016712
0.018791
0.017443
0.018402
0.034056
0.024576
0.021342
0.017541
0.016538
0.015029
0.017421
0.015629
0.022662
0.02417
0.018531
0.014479
0.017511
0.018137
0.018557
0.017354
0.021881
0.019585
0.018787
0.015451
0.015889
0.022686
0.014281
0.014878
0.025852
0.023832
0.02397
0.015102
0.015637
0.016763
0.016223
0.015833
0.028917
0.022174
0.020226
0.014756
0.021245
0.021131
0.016176
0.015491
0.023248
0.024404
0.016724
0.014199
0.024388
0.014746
0.015793
0.016925
0.030073
0.021099
0.020273
0.014039
0.017558
0.01492
0.015806
0.014731
0.029866
0.022191
0.025248
0.014745
0.018322
0.018267
0.016557
0.014351
0.0249
0.020723
0.018891
0.014899
0.016094
0.019667
0.019496
0.017661
0.024342
0.022008
0.022586
0.01605
0.016809
0.018194
0.018049
0.014632
0.030798
0.016318
0.018009
0.016948
0.014934
0.017224
0.018921
0.016231
0.030394
0.020322
0.021467
0.017527
0.020854
0.015784
0.014919
0.015772
0.030587
0.018424
0.018561
0.018152
0.017192
0.016955
0.017942
0.017298
0.026
0.023068
0.020379
0.01774
0.018565
0.021039
0.015196
0.015184
0.026391
0.022024
0.015999
0.014319
0.01732
0.016284
0.01741
0.020024
0.029725
0.023948
0.01538
0.013273
0.015898
0.015608
0.01808
0.014632
0.029832
0.021463
0.020499
0.015228
0.016026
0.018583
0.014903
0.017792
0.026223
0.022488
0.022314
0.015431
0.019096
0.018561
0.014853
0.016274
0.023433
0.024629
0.018162
0.022448
0.022504
0.019525
0.016045
0.015966
0.025844
0.021101
0.018746
0.016218
0.014514
0.017935
0.018257
0.015318
0.029408
0.022054
0.019931
0.01624
0.017523
0.018262
0.020356
0.016908
0.029074
0.019342
0.022136
0.014639
0.016172
0.017314
0.015008
0.016039
0.022343
0.020414
0.019365
0.017126
0.016216
0.018436
0.015375
0.015
0.026215
0.02041
0.023182
0.021161
0.01618
0.01845
0.016581
0.016263
0.024187
0.019237
0.027924
0.018615
0.016121
0.016758
0.019235
0.017212
0.040979
0.0227
0.034511
0.022603
0.017462
0.017311
0.015309
0.015991
0.023775
0.021096
0.018426
0.016841
0.020094
0.016887
0.017677
0.018267
0.026882
0.022381
0.022209
0.015382
0.016693
0.015871
0.018022
0.015651
0.022612
0.020605
0.023133
0.017418
0.018569
0.019737
0.021844
0.016776
0.022723
0.02045
0.018936
0.015405
0.017632
0.017871
0.015997
0.017023
0.035923
0.020498
0.018792
0.015621
0.015484
0.017426
0.015582
0.015193
0.021644
0.020059
0.020787
0.019297
0.01791
0.018528
0.01997
0.018566
0.055123
0.023531
0.020572
0.01475
0.016076
0.01635
0.016061
0.015221
0.022971
0.019853
0.019544
0.022328
0.01821
0.018079
0.015449
0.013668
0.025785
0.022796
0.016121
0.016176
0.017764
0.018059
0.015157
0.016088
0.024294
0.016737
0.022752
0.015075
0.019058
0.021951
0.016588
0.014888
0.02304
0.020217
0.023705
0.016959
0.018285
0.019573
0.015885
0.014459
0.027593
0.020504
0.019223
0.016333
0.01862
0.01949
0.019014
0.018166
0.026802
0.019655
0.018269
0.018056
0.018593
0.018541
0.016171
0.022161
0.023566
0.019951
0.02202
0.017643
0.017954
0.020252
0.0161
0.016467
0.02435
0.019808
0.022584
0.01542
0.01824
0.018092
0.023973
0.015298
0.023562
0.024023
0.018837
0.015997
0.017316
0.014863
0.015119
0.015468
0.022741
0.0215
0.020603
0.01405
0.016616
0.018674
0.015837
0.019417
0.025577
0.026338
0.015142
0.017889
0.017605
0.015477
0.015542
0.014806
0.023359
0.016489
0.01775
0.017511
0.018048
0.016252
0.018456
0.017899
0.026681
0.019298
0.023743
0.018903
0.018336
0.018816
0.020367
0.018277
0.023372
0.022698
0.020473
0.017961
0.019761
0.020004
0.018603
0.014815
0.022043
0.019575
0.019227
0.017791
0.017935
0.019846
0.017823
0.017574
0.027676
0.019412
0.022679
0.017846
0.017704
0.018824
0.015995
0.015772
0.024304
0.019763
0.020113
0.017114
0.015586
0.023519
0.015751
0.016733
0.027613
0.016986
0.021231
0.016233
0.01642
0.017602
0.015778
0.016263
0.027258
0.032343
0.02102
0.015302
0.016765
0.018818
0.013968
0.015764
0.024663
0.019525
0.021346
0.01654
0.015985
0.018124
0.017023
0.017689
0.028465
0.016444
0.023118
0.015709
0.018054
0.015373
0.018328
0.015017
0.021904
0.018276
0.022068
0.015544
0.017872
0.015674
0.016741
0.024432
0.022286
0.018433
0.023231
0.017179
0.017868
0.01867
0.017512
0.014945
0.02852
0.016659
0.019786
0.015967
0.019273
0.019054
0.016396
0.014954
0.026569
0.019454
0.016665
0.017514
0.014742
0.018072
0.016861
0.017297
0.0272
0.02086
0.018778
0.018084
0.015214
0.015875
0.017144
0.014924
0.024888
0.018776
0.022459
0.016257
0.017892
0.0182
0.015361
0.017864
0.026414
0.02006
0.022784
0.014771
0.01446
0.016266
0.014597
0.014638
0.022744
0.017026
0.023926
0.014502
0.014609
0.015343
0.014388
0.026664
0.023696
0.015863
0.022684
0.01568
0.018658
0.018568
0.015443
0.017601
0.024875
0.021009
0.022799
0.01603
0.018277
0.019052
0.01666
0.015497
0.02581
0.018453
0.018288
0.017184
0.018495
0.019009
0.015016
0.01675
0.064744
0.019439
0.027679
0.019587
0.018039
0.016478
0.016306
0.015014
0.028343
0.022014
0.024791
0.015574
0.018806
0.019476
0.016417
0.017482
0.027902
0.022758
0.021071
0.017939
0.017133
0.019149
0.018715
0.015537
0.024747
0.021866
0.019138
0.014604
0.018876
0.018687
0.01957
0.020522
0.031548
0.021063
0.019953
0.014582
0.017148
0.018558
0.017196
0.016087
0.024912
0.021572
0.017809
0.01463
0.016055
0.014801
0.016963
0.01468
0.026036
0.02007
0.021377
0.014343
0.01906
0.019094
0.019487
0.016634
0.024417
0.020339
0.018773
0.013963
0.016189
0.016303
0.014768
0.016173
0.021559
0.019729
0.020614
0.016272
0.018409
0.018929
0.016486
0.014636
0.024454
0.022593
0.020525
0.015276
0.016142
0.016323
0.017434
0.015396
0.026218
0.023432
0.019021
0.016045
0.015623
0.017046
0.015323
0.017269
0.027532
0.025878
0.018321
0.016716
0.017673
0.017119
0.017606
0.017187
0.022652
0.01664
0.0204
0.015632
0.01923
0.018483
0.015972
0.014942
0.025209
0.020132
0.029308
0.015253
0.017889
0.020322
0.015477
0.014765
0.023622
0.017079
0.020332
0.015843
0.01833
0.018447
0.015755
0.01745
0.025753
0.020331
0.021796
0.015707
0.019232
0.021169
0.016285
0.015015
0.023477
0.019868
0.021763
0.01503
0.019329
0.018705
0.015382
0.014705
0.025329
0.020129
0.024434
0.017787
0.019721
0.019681
0.014771
0.01746
0.025543
0.020447
0.019622
0.015487
0.017369
0.019895
0.015231
0.015873
0.022984
0.019806
0.02096
0.017159
0.018956
0.020205
0.015759
0.015622
0.021793
0.01982
0.02681
0.016991
0.017928
0.018977
0.015174
0.018192
0.028069
0.019317
0.020283
0.01484
0.01753
0.018142
0.019914
0.014222
0.024872
0.020374
0.023446
0.01478
0.016576
0.020336
0.017369
0.018964
0.023652
0.020445
0.023497
0.014741
0.016547
0.019164
0.021063
0.017074
0.025326
0.021078
0.022673
0.015539
0.019054
0.018761
0.017724
0.014988
0.030818
0.017206
0.02001
0.014824
0.01864
0.019097
0.019331
0.018125
0.029588
0.020261
0.021811
0.017944
0.019596
0.01648
0.017296
0.015342
0.02338
0.019848
0.031466
0.018135
0.018315
0.019773
0.017896
0.017314
0.022982
0.020169
0.020126
0.015164
0.019049
0.019252
0.017695
0.016779
0.025579
0.019971
0.018828
0.01512
0.016201
0.018492
0.016116
0.016972
0.023804
0.019798
0.01901
0.018122
0.017967
0.01942
0.016201
0.017927
0.02311
0.020164
0.019715
0.020598
0.016678
0.0158
0.017996
0.014905
0.023647
0.018376
0.02412
0.01836
0.018158
0.018971
0.015117
0.015631
0.023437
0.019813
0.019667
0.017303
0.015541
0.019232
0.017994
0.016054
0.023167
0.022147
0.019048
0.017729
0.018588
0.016124
0.017129
0.015695
0.032944
0.02024
0.039467
0.014515
0.016
0.01859
0.016075
0.015246
0.02949
0.02336
0.019508
0.015634
0.015388
0.018314
0.015297
0.014674
0.022891
0.021815
0.017556
0.015596
0.017696
0.020568
0.01704
0.018836
0.023276
0.019587
0.020856
0.014576
0.016867
0.01873
0.015676
0.015556
0.023032
0.019555
0.021555
0.016887
0.015464
0.015079
0.01837
0.015547
0.028346
0.019204
0.021077
0.017011
0.018282
0.016664
0.019582
0.016791
0.023002
0.019916
0.019204
0.016608
0.015356
0.018971
0.016312
0.017495
0.023897
0.016933
0.022654
0.014686
0.015701
0.015206
0.019282
0.019058
0.026672
0.019184
0.019367
0.017464
0.018442
0.01831
0.015064
0.018939
0.022375
0.035795
0.023039
0.015068
0.015986
0.017667
0.015604
0.016255
0.026249
0.01694
0.021765
0.014937
0.016697
0.018139
0.01631
0.01927
0.024626
0.021065
0.020089
0.015493
0.017338
0.018601
0.015311
0.015978
0.024594
0.020826
0.018711
0.018373
0.018803
0.019237
0.015647
0.016071
0.023653
0.018973
0.020009
0.015442
0.019282
0.021803
0.019687
0.016476
0.070506
0.021756
0.021996
0.015274
0.017601
0.016755
0.016224
0.01563
0.02258
0.023613
0.019885
0.014107
0.017048
0.021341
0.0186
0.019979
0.022305
0.016147
0.017788
0.015615
0.018058
0.017269
0.015858
0.014857
0.023622
0.0209
0.021801
0.018712
0.024587
0.016814
0.018394
0.017215
0.022352
0.020022
0.023687
0.018796
0.019706
0.020291
0.018981
0.022101
0.025324
0.01938
0.016732
0.017378
0.021263
0.021785
0.020379
0.020006
0.025495
0.019974
0.017763
0.015648
0.019254
0.017607
0.023197
0.018676
0.026874
0.021587
0.016186
0.018016
0.025936
0.022166
0.019417
0.017986
0.02997
0.017864
0.019931
0.020069
0.022486
0.020396
0.019798
0.021806
0.030456
0.025825
0.050653
0.017828
0.019545
0.018303
0.018149
0.019516
0.025778
0.020155
0.019022
0.014427
0.017479
0.022908
0.016349
0.015428
0.026965
0.024565
0.021455
0.01526
0.016136
0.018736
0.016023
0.018767
0.025988
0.033437
0.018122
0.019354
0.018261
0.018754
0.023115
0.01914
0.038867
0.017969
0.020523
0.014671
0.01725
0.019342
0.017882
0.015163
0.028552
0.0222
0.019553
0.014485
0.018225
0.01643
0.018762
0.013828
0.026543
0.019901
0.01783
0.01661
0.016608
0.015572
0.016039
0.018626
0.026479
0.022478
0.018057
0.01775
0.018979
0.02298
0.019382
0.018676
0.024109
0.027561
0.019696
0.014447
0.020468
0.021712
0.021014
0.018135
0.028243
0.018051
0.025407
0.019848
0.02164
0.025368
0.018016
0.018013
0.022647
0.019149
0.01639
0.026431
0.017437
0.023231
0.018504
0.022979
0.028755
0.024265
0.019483
0.020878
0.021809
0.018584
0.018508
0.020054
0.024804
0.023506
0.018626
0.018003
0.021347
0.023699
0.014976
0.015211
0.022297
0.019615
0.022044
0.014532
0.018089
0.016534
0.017484
0.016121
0.026188
0.022506
0.018461
0.031009
0.019346
0.01853
0.024703
0.018233
0.023179
0.019103
0.018965
0.018212
0.020508
0.021733
0.019446
0.02244
0.026854
0.022191
0.018208
0.017362
0.018259
0.018845
0.020967
0.019023
0.025632
0.01926
0.019458
0.02043
0.020186
0.02169
0.018804
0.016832
0.024954
0.018971
0.022054
0.016692
0.016986
0.018613
0.024293
0.017293
0.023078
0.023165
0.019936
0.016528
0.020171
0.017834
0.019697
0.017941
0.023292
0.021549
0.017814
0.015512
0.017935
0.017826
0.017893
0.021232
0.026584
0.020106
0.01811
0.016125
0.018267
0.018673
0.015342
0.015696
0.023462
0.017147
0.033159
0.017311
0.019377
0.019896
0.017532
0.015921
0.024292
0.017953
0.020605
0.015434
0.015995
0.018167
0.01945
0.016115
0.026018
0.022819
0.020736
0.015157
0.018063
0.018851
0.016133
0.017744
0.026074
0.016619
0.02165
0.017635
0.0187
0.019285
0.016457
0.016431
0.023108
0.022647
0.020224
0.01733
0.016961
0.016898
0.017713
0.015207
0.026215
0.020592
0.020381
0.018084
0.015879
0.017544
0.017118
0.016331
0.027812
0.020681
0.022445
0.015243
0.020091
0.018488
0.018257
0.013886
0.027072
0.021343
0.019041
0.015111
0.016647
0.022457
0.016715
0.018437
0.022976
0.020031
0.019863
0.016639
0.017444
0.016156
0.016978
0.014823
0.022198
0.01939
0.020562
0.016295
0.017565
0.01883
0.015703
0.016793
0.026236
0.017579
0.019323
0.015073
0.017131
0.019438
0.015253
0.018076
0.022874
0.019671
0.022419
0.016139
0.016121
0.018771
0.01648
0.015276
0.024078
0.019854
0.020279
0.017963
0.017734
0.019525
0.016421
0.017705
0.029775
0.02407
0.021113
0.017197
0.018605
0.01966
0.016461
0.014097
0.02627
0.020004
0.019813
0.017981
0.018397
0.018112
0.016996
0.015516
0.024183
0.021446
0.022152
0.018382
0.01777
0.018347
0.019202
0.016736
0.024487
0.022787
0.021527
0.017606
0.017157
0.018636
0.018548
0.015562
0.025192
0.023487
0.020811
0.017156
0.018287
0.023248
0.019166
0.017412
0.022767
0.019904
0.019778
0.014726
0.016158
0.017581
0.015672
0.015938
0.027203
0.018062
0.021877
0.016517
0.01567
0.01937
0.015522
0.017099
0.024155
0.020437
0.020801
0.014865
0.016268
0.016727
0.014959
0.0171
0.021963
0.019275
0.019762
0.018829
0.017646
0.019445
0.017987
0.01476
0.021936
0.018761
0.019808
0.014447
0.016663
0.017962
0.015728
0.01489
0.021972
0.019605
0.022672
0.015829
0.018257
0.018515
0.015363
0.015455
0.022868
0.019427
0.02419
0.015369
0.019523
0.019719
0.017652
0.024535
0.027418
0.021881
0.018853
0.016304
0.017961
0.018507
0.018988
0.015533
0.023008
0.018233
0.019155
0.017946
0.018332
0.020554
0.01559
0.016615
0.041529
0.020259
0.018435
0.016217
0.016943
0.019116
0.015924
0.014991
0.026586
0.02362
0.018427
0.014397
0.015394
0.019593
0.017068
0.015953
0.0254
0.020315
0.019013
0.016471
0.015258
0.018405
0.017269
0.015635
0.026632
0.02041
0.0244
0.018786
0.01676
0.019613
0.017093
0.015062
0.023313
0.020399
0.022767
0.017576
0.01648
0.022219
0.017148
0.015296
0.023875
0.019488
0.019089
0.015122
0.017241
0.017947
0.016591
0.016371
0.025575
0.022409
0.02591
0.015367
0.016515
0.018182
0.017049
0.014603
0.026146
0.019636
0.021971
0.014628
0.017724
0.019144
0.016539
0.015614
0.025539
0.018322
0.019617
0.020407
0.016564
0.018398
0.015327
0.014959
0.022681
0.018212
0.021914
0.01488
0.016166
0.015592
0.014834
0.014669
0.027248
0.020589
0.018418
0.016332
0.01637
0.017674
0.019058
0.017272
0.022948
0.016456
0.033055
0.015089
0.022021
0.021424
0.015829
0.018603
0.023815
0.019849
0.017554
0.016156
0.015161
0.018397
0.015253
0.014648
0.022658
0.01702
0.019137
0.015528
0.014698
0.015495
0.017209
0.014596
0.022141
0.016602
0.02782
0.017004
0.015472
0.018881
0.015592
0.015971
0.02443
0.020454
0.01766
0.016226
0.018325
0.018657
0.015688
0.015906
0.028605
0.021192
0.020031
0.014945
0.015871
0.018448
0.015818
0.014655
0.025939
0.025308
0.017807
0.016868
0.01864
0.018798
0.017778
0.015899
0.023084
0.024459
0.020342
0.019378
0.017134
0.016365
0.021511
0.030817
0.025103
0.021046
0.022638
0.02311
0.016672
0.019455
0.018365
0.016254
0.02406
0.019415
0.018271
0.015368
0.014828
0.019256
0.015769
0.018513
0.023956
0.020239
0.020948
0.015206
0.019888
0.023035
0.01875
0.018012
0.026067
0.022494
0.01976
0.018379
0.019242
0.01986
0.015707
0.016415
0.02286
0.021961
0.017847
0.015442
0.016315
0.016727
0.016959
0.016344
0.023439
0.022867
0.021998
0.017522
0.018739
0.018781
0.01835
0.023351
0.023061
0.019731
0.023414
0.017541
0.015277
0.016154
0.016948
0.014397
0.02281
0.018435
0.0216
0.01551
0.019341
0.019134
0.018666
0.015504
0.026384
0.0207
0.020491
0.016099
0.01834
0.018548
0.017208
0.015271
0.026717
0.020056
0.018246
0.018828
0.019736
0.018909
0.01875
0.016033
0.0273
0.019891
0.022282
0.018029
0.015858
0.019813
0.018981
0.016306
0.025405
0.022195
0.02289
0.019121
0.018803
0.018686
0.023421
0.016021
0.053408
0.021755
0.018501
0.015296
0.019021
0.023196
0.018595
0.014506
0.027865
0.023198
0.02348
0.015571
0.017512
0.025163
0.016719
0.015076
0.024733
0.019921
0.024638
0.017121
0.019851
0.018359
0.016141
0.016602
0.024806
0.025897
0.021564
0.019788
0.017997
0.01809
0.016839
0.01494
0.022751
0.02067
0.019524
0.016935
0.017154
0.025982
0.01558
0.015169
0.023173
0.019781
0.020522
0.015642
0.017518
0.022234
0.018631
0.015399
0.037765
0.020332
0.021652
0.016314
0.019546
0.019558
0.020506
0.018599
0.026126
0.020626
0.019567
0.014914
0.015444
0.019483
0.016726
0.015869
0.022665
0.021312
0.022629
0.017579
0.018861
0.023721
0.016986
0.017259
0.028534
0.020595
0.0229
0.018514
0.015268
0.019051
0.017941
0.015654
0.045636
0.018938
0.022145
0.014464
0.016213
0.017562
0.014938
0.015001
0.022744
0.020277
0.023405
0.014982
0.016352
0.016019
0.01718
0.01908
0.022513
0.019728
0.022767
0.016094
0.018074
0.016428
0.017449
0.015294
0.023297
0.020369
0.019749
0.014672
0.016606
0.016936
0.015139
0.015111
0.024422
0.020786
0.020938
0.015714
0.016502
0.018525
0.015075
0.014889
0.027805
0.019262
0.01989
0.015646
0.015023
0.015588
0.016562
0.015336
0.022676
0.021244
0.033507
0.0156
0.017195
0.018774
0.017668
0.01899
0.025289
0.019934
0.023147
0.016581
0.017573
0.016609
0.014687
0.014735
0.022967
0.019879
0.01915
0.015458
0.016522
0.015543
0.01769
0.015189
0.026022
0.021628
0.018647
0.014929
0.015375
0.019415
0.016564
0.015224
0.024993
0.02056
0.017755
0.017377
0.017702
0.016668
0.016582
0.015039
0.022072
0.021144
0.019342
0.014823
