25.2936
27.1411
28.8616
30.3628
33.047
33.0146
34.5768
34.6037
26.9249
28.5834
32.0306
33.564
27.3862
36.3795
29.7946
33.6998
24.5151
32.0521
33.5815
30.8109
33.5083
38.9275
41.4212
44.412
15.3793
20.6451
26.2869
27.0804
28.3876
29.5826
32.9348
33.1362
22.2492
24.4429
25.7495
27.7726
33.707
35.1873
38.6941
21.7207
22.1516
25.0815
25.5186
30.2639
21.4402
37.8743
38.8245
23.2165
23.6727
26.4675
25.325
35.3905
26.7743
40.0305
32.4032
25.9454
20.4957
27.3783
32.8565
32.8989
19.5076
29.6656
37.775
21.7612
21.2111
30.7413
36.6442
33.7972
38.3079
30.0479
34.1721
33.6532
26.2701
28.3596
22.4604
24.1133
37.4203
33.8419
40.1438
20.6781
21.378
23.8141
23.8676
22.4626
28.2346
37.3293
39.9103
18.2319
23.0406
22.9767
27.6951
28.6312
33.1821
34.0792
34.9391
44.5721
44.8653
46.3855
46.4597
46.2549
47.9461
45.7198
29.9534
21.1101
22.7336
23.4906
25.1004
25.3186
26.7482
29.24
29.2047
22.1954
23.2526
22.5678
29.0242
30.163
22.8568
34.4018
32.3196
20.8666
21.9476
24.8909
25.0647
28.4009
30.0942
29.7482
30.8628
23.7674
23.9614
27.3464
27.7649
25.2193
29.4382
35.0443
37.7584
20.5988
22.1652
23.9989
24.4958
25.6788
28.5853
27.3361
31.9247
32.5551
37.6983
40.9975
35.6157
41.9074
47.2436
47.221
23.1518
27.49
30.7258
26.4385
36.9213
36.8742
36.9796
39.2865
23.1538
24.3688
25.1654
15.3992
34.7892
35.17
28.0789
24.318
28.9686
32.5977
21.8338
33.5776
26.0532
23.9687
28.3182
26.0296
25.4597
26.1305
23.4569
30.4677
26.7908
32.8083
27.7422
28.9187
18.5778
26.6831
21.1686
32.2372
23.1061
28.0771
36.377
35.496
25.9409
27.0599
27.0549
31.0237
32.7669
31.6195
31.3342
33.6874
18.3097
16.2352
26.5099
26.3194
28.0152
23.9729
33.5848
30.6608
22.4721
22.9123
33.4754
35.2003
31.8533
23.6009
26.3145
32.4591
21.281
24.149
25.5408
20.6167
29.7647
26.6041
34.9516
32.1161
22.63
27.1524
24.5587
29.3988
23.4975
33.7473
30.5919
29.6919
18.4395
23.5847
25.9487
25.7071
27.737
25.1733
32.3197
34.8783
20.5636
24.4132
26.5947
29.1911
29.7057
26.7062
32.2472
37.1026
19.522
24.5453
24.7432
25.1864
26.03
26.9272
24.7443
28.6355
33.9574
25.047
15.2992
25.401
34.2359
30.7
27.7882
33.4329
21.4496
22.2835
20.7911
27.8832
28.4323
24.8085
33.7615
35.4209
25.6516
29.5576
25.9743
24.0246
34.1717
35.4521
32.5077
28.1618
21.8013
23.8902
20.8253
28.0125
28.0207
34.1093
34.7861
27.1722
25.6253
27.5815
19.1855
29.0408
27.7651
31.5555
28.0174
34.1119
24.3041
24.2995
26.2414
26.2813
26.8651
21.065
24.2822
29.874
22.709
23.4843
27.9704
30.9094
22.3674
26.4932
33.4866
34.3898
20.7318
22.4395
23.9696
26.8991
22.5508
26.6083
32.0577
30.6496
20.9327
21.8639
26.4515
26.7189
27.4729
29.2894
34.4386
35.3445
23.0431
24.462
25.6347
28.9087
32.1175
34.9539
41.2622
41.5445
21.9327
22.4959
25.1678
28.4693
29.341
30.0353
34.2019
35.4012
22.7493
24.9796
26.4394
29.5109
30.6216
32.9976
34.8911
39.5048
39.9468
40.2378
40.6597
43.7997
43.7009
45.1269
45.1971
24.3416
25.7862
29.8636
30.7939
31.539
36.7258
28.8135
29.2967
39.4902
20.9714
24.3837
23.7768
25.3526
30.4426
24.5203
32.5435
28.1685
22.193
23.48
31.2869
21.7944
34.6812
36.3293
33.3745
28.0837
22.2581
23.2232
23.3875
22.1573
27.5898
28.2232
27.4028
29.0855
22.885
25.1043
25.8786
27.3495
30.1865
31.4424
30.0013
33.5201
23.031
23.2382
25.5715
27.5324
28.8466
26.6228
30.348
31.9857
21.5012
22.075
26.7417
26.8693
25.1294
27.7624
30.9607
32.7184
22.6896
26.8079
31.1501
32.0525
30.3198
32.6489
25.4457
31.077
18.142
24.8474
21.3669
29.6505
32.0054
33.3412
30.5899
37.4369
21.6907
27.7645
29.6402
21.5038
33.2752
33.8168
32.7254
26.9374
19.2634
21.0646
23.6607
27.727
33.922
31.652
27.9003
31.5299
22.1138
24.13
26.0209
26.9515
27.7523
31.5417
27.1558
28.8528
22.4888
23.5667
25.2262
26.6331
31.3128
27.3815
25.1396
28.666
20.577
21.729
26.1761
29.6245
29.4034
30.6562
31.0511
30.5991
26.7437
30.3501
30.5789
23.7336
31.1175
31.1773
32.9773
33.702
21.4392
23.3374
24.0388
25.7701
25.108
27.8722
28.716
30.4581
20.4577
21.5053
24.2886
25.1474
27.0604
27.6138
25.0169
28.704
21.8111
23.7941
23.925
25.6809
29.1064
30.3133
27.1855
28.4961
23.2774
23.6552
26.1795
32.0192
26.9576
28.8117
37.2717
40.128
21.9607
22.2139
23.5592
25.7251
28.2172
29.2849
27.765
27.7281
40.4834
43.7664
44.1152
45.2361
35.5294
36.4827
45.6065
20.1435
22.3311
23.1147
24.9676
26.8695
27.459
28.0766
27.9236
31.4163
23.3759
24.9825
28.4028
29.1393
29.5635
26.9565
34.124
35.0652
22.5495
25.584
27.4331
18.8018
29.7369
26.3853
32.9662
34.6121
28.6821
20.2418
34.8839
36.2989
31.0611
25.3593
28.7521
31.1478
25.615
27.929
30.7502
32.0499
33.6361
28.267
25.9587
31.783
22.7376
22.4003
27.7015
26.3969
25.1827
30.9757
27.1076
33.872
19.8751
21.6009
23.8737
25.4235
20.8131
25.6456
29.1388
21.8192
23.638
27.5213
28.9087
18.3365
24.3414
21.9593
29.0492
24.5508
26.1726
24.386
20.9797
31.6748
35.7841
36.9278
24.975
31.6162
19.5978
29.2992
31.1071
23.79
22.1891
32.566
32.3539
26.5889
29.0841
22.765
23.9431
29.2125
25.3552
28.6548
27.1345
25.6991
35.925
26.3477
27.9026
28.0361
26.2136
27.2446
34.1173
28.1679
26.5099
37.7109
23.7104
28.0315
25.8173
31.1164
31.1234
22.6627
26.0377
32.4669
21.427
23.2105
28.8355
27.6305
25.2909
21.9036
36.456
29.2229
23.2216
27.8649
21.9176
29.5386
29.2617
21.9887
25.6318
28.9113
25.9064
30.637
34.1168
25.0768
28.9158
25.118
25.6744
26.3463
21.9282
23.598
28.0551
25.581
25.0267
24.1468
29.0301
27.8251
22.3227
30.5436
32.0111
25.5166
30.7157
26.8674
39.158
33.9843
21.5021
28.1613
28.3464
24.6846
22.5661
27.8141
31.983
27.0145
24.109
25.1664
27.578
30.4869
23.3316
28.6951
31.5189
25.3751
21.7146
23.3791
25.3486
26.0592
26.0118
23.9442
27.0419
29.8652
23.5271
22.933
25.4135
26.4614
18.5861
25.7431
27.2287
28.8615
24.8622
27.2777
26.5789
30.3749
30.5578
22.9214
27.3074
34.0222
23.4556
25.0719
26.1116
24.1429
23.4561
32.2469
23.5986
30.226
26.1066
26.0867
28.7753
24.217
23.4291
18.1711
26.6848
28.4303
20.6496
27.5484
25.1668
25.4553
20.2843
30.0204
28.7766
26.2049
33.4696
27.6382
28.4448
26.3917
22.2178
25.0656
27.5634
19.82
22.4843
29.2289
26.5359
24.8444
23.0345
27.4796
19.8047
26.2826
34.1274
22.9925
26.9671
26.2604
22.6031
27.063
29.4023
25.7636
32.3897
35.6936
30.9134
36.2378
25.6739
21.8883
28.2142
27.2201
30.4383
33.1733
24.5002
30.6937
26.2661
26.9311
27.7877
26.4939
25.4458
24.9165
29.2433
26.9183
21.6195
26.3385
26.9437
24.8718
23.572
30.6445
25.4474
25.0438
23.1125
25.3823
27.6965
30.7141
23.1977
26.6094
30.3735
25.41
23.9782
24.5513
25.6786
30.2748
24.6332
24.1587
30.4948
27.1692
20.2743
21.8608
20.0619
26.9374
19.4463
25.7017
32.337
26.8533
28.2631
29.751
30.031
24.5231
31.8894
24.4704
26.9063
30.0915
19.9021
25.6661
26.5268
26.7388
25.2703
22.6503
30.207
29.6588
22.8557
27.3578
24.6586
33.1177
33.5759
30.0246
32.2409
28.5994
21.7173
26.4488
20.5533
31.0723
23.4388
26.2017
23.2963
24.1604
25.457
22.5021
20.7756
31.19
25.9971
22.8928
23.1891
27.9395
28.0575
21.5698
27.5468
25.3151
24.2554
26.1043
23.8094
25.1526
23.0675
27.051
23.6648
31.8095
27.938
28.7345
28.1534
24.3252
29.4084
33.4893
35.1315
36.7966
28.9965
37.4006
19.3021
19.9067
21.2601
24.0739
28.7896
32.9536
34.06
39.5814
19.0747
23.8881
25.1804
26.1508
29.0357
30.2731
31.6769
32.3444
22.9281
29.4802
21.2704
24.1268
32.2833
27.6603
34.3357
35.112
24.5014
24.9154
24.3251
19.3629
32.15
24.429
36.4687
27.4898
26.4057
21.723
33.8847
27.3299
34.6696
20.8297
25.0172
20.5144
27.9071
32.882
24.894
23.2128
35.576
30.4799
21.9124
26.0832
27.817
27.8657
23.4432
29.7443
27.7881
38.8166
26.3371
25.491
23.2049
26.379
27.2837
27.7168
29.4567
24.4526
27.8845
35.1053
22.9754
27.379
30.4188
30.0583
28.78
35.023
32.6557
31.0013
24.8277
25.2423
25.8522
22.558
27.2682
26.3074
30.24
25.6627
21.3851
23.2097
26.1876
23.3661
32.5372
32.5234
21.4498
26.4611
21.7217
31.7087
25.3752
33.5802
36.0541
34.51
28.3337
38.6732
29.3581
39.6738
40.4924
33.9205
40.4516
37.9
22.7476
29.1211
26.5553
31.443
31.9419
33.6137
37.0849
32.5789
20.8463
26.7312
28.0242
25.0273
34.3328
36.0568
35.8733
42.023
21.6421
21.9631
25.2895
24.7355
31.0224
33.8888
34.2773
36.8239
24.8078
26.1674
26.6263
32.4638
32.6168
35.9626
36.2639
38.7388
36.7189
37.17
37.2141
37.8929
38.5372
36.2896
40.1025
21.9604
23.2966
24.7377
26.7813
27.6199
28.7122
32.1835
34.138
20.8606
29.4035
29.4088
29.6577
29.6861
29.7357
30.4675
33.4655
23.251
28.8937
29.9292
30.9109
31.2989
33.5999
34.8792
22.2279
25.5077
20.6679
23.642
22.0626
28.3934
29.5147
29.9808
27.6264
29.8287
23.5557
26.7983
26.1375
25.6729
26.8683
31.0228
27.4243
30.0176
23.785
24.2831
25.8626
27.7941
27.8439
29.1555
25.99
35.2178
22.2343
25.4454
27.2685
27.8343
33.2451
33.4744
34.8656
35.362
24.0558
26.5592
29.3421
29.2295
29.4584
31.0533
27.9946
33.5928
37.1271
37.4038
37.6155
38.1604
35.1541
35.9867
41.6133
26.2948
23.3294
25.9872
26.9311
28.3174
29.2953
30.9464
32.7282
29.3776
22.6929
23.3866
23.6251
28.8769
29.4252
31.5083
25.3013
34.7595
23.8085
24.9732
26.0009
19.8223
28.9822
27.8132
32.4612
30.9195
23.2645
25.1487
25.6914
24.9699
29.1652
31.8238
28.9653
30.7915
20.0014
24.0555
27.7265
24.1186
32.3965
27.6411
31.9729
40.7226
25.9063
27.8249
29.2264
29.2259
30.2858
34.3401
33.1531
33.2875
22.1746
23.831
22.7023
26.636
25.5672
26.7708
22.7188
33.6807
23.8965
24.9812
27.565
31.9194
29.7485
25.9791
24.9468
33.6783
25.6921
27.2965
27.8503
33.002
31.7579
28.6542
28.7028
34.6717
22.8213
23.3673
22.6606
25.2475
26.2525
26.4579
25.1541
28.8237
19.0869
28.0396
29.3434
27.0633
31.2209
24.8584
31.1807
26.5657
24.3287
27.4872
26.9191
23.8803
19.9872
30.4653
28.626
24.2789
22.2443
25.8023
25.8034
30.5072
24.7112
24.7979
22.9696
30.9281
22.2004
24.4711
17.3084
26.5362
27.2159
25.8875
24.0353
27.1441
19.5121
23.909
24.9857
25.3342
28.7721
28.0871
26.1428
26.1639
21.3001
23.9555
28.6741
30.7147
21.5182
34.2309
27.3038
29.7318
23.6043
28.1552
25.1914
30.0223
25.2096
21.4961
26.8679
30.2255
26.8135
24.4407
33.3749
33.4803
34.1105
25.7177
28.5469
24.37
16.5326
24.0736
27.5901
34.0206
24.7903
35.1732
24.285
26.781
20.9179
25.6837
29.838
25.6303
21.8761
34.3689
32.6064
31.2664
25.3323
28.0282
26.5452
22.3641
26.6339
23.46
35.4033
36.3771
22.9585
23.8784
24.0215
23.8479
28.1811
23.3282
30.1459
29.6353
24.9126
25.5083
27.6485
23.2653
28.3469
31.022
29.1181
37.774
23.2736
24.1346
25.0219
24.1153
27.9414
23.659
22.8091
28.7608
26.3067
24.0604
28.1339
23.1747
34.5249
35.0639
30.3071
33.1332
23.8722
22.8289
26.3874
20.3555
28.5165
28.7519
24.3247
30.5984
23.6546
25.1199
23.3055
27.9769
20.6115
33.5739
28.0842
26.3181
24.5826
25.1358
29.2565
20.2904
28.3483
27.0706
23.09
31.8652
19.8586
21.4513
26.0221
25.0707
19.9144
23.4448
32.2001
28.7851
24.6582
27.1726
27.3585
26.154
21.595
19.4449
27.59
28.1768
24.56
26.2976
26.9818
24.9896
24.7114
33.4259
28.4674
26.2481
26.3663
30.1665
30.4037
22.7211
31.8001
29.6387
27.4554
27.3228
23.6615
24.6409
26.6433
23.2909
29.0776
26.244
24.8221
25.0208
25.9769
30.3407
30.6508
18.2226
30.0596
27.0423
27.867
24.3853
22.5491
26.0168
27.5444
22.3598
20.5089
28.7111
22.2169
23.3779
25.8607
27.3517
28.4161
20.2026
20.2799
29.4472
33.916
29.8028
24.4913
26.0301
27.4967
19.1003
29.7492
29.0621
33.2058
31.9275
22.3217
24.8989
26.0706
28.2223
29.1746
23.4537
26.6329
27.5534
21.8229
23.4811
29.7364
30.0443
27.291
25.0724
27.8166
25.2529
26.1672
20.3931
33.7922
34.5617
22.2115
25.0876
34.6798
38.5184
20.5785
24.4736
27.1582
27.3883
23.6916
26.4089
21.7097
24.6431
24.9096
18.0706
34.4146
19.3155
27.8724
36.2469
26.5932
24.4709
27.2424
27.809
31.7798
17.4492
28.9562
25.9447
24.7882
30.7704
23.6663
26.3819
19.519
25.4347
32.8983
35.586
23.8149
33.6012
20.5857
24.7418
25.0338
26.7918
26.1926
19.1204
22.1574
27.5077
26.1372
22.6765
19.3218
33.4512
34.7212
30.7773
23.8483
28.7143
21.3218
23.0555
26.7242
30.4033
26.3923
25.0725
22.884
35.751
22.0194
25.5936
30.9808
27.5027
27.118
24.6079
22.5549
27.231
28.2778
28.3393
30.2454
20.9331
29.6038
28.8922
27.6965
24.7238
23.2769
23.7299
28.8857
25.5486
22.7356
25.4319
25.5397
24.981
22.5109
22.6566
26.3902
27.1541
19.1459
28.9718
29.0229
26.2532
20.9719
21.597
26.0898
23.8678
27.4133
21.724
21.893
30.7072
25.5824
25.8479
30.0849
27.195
23.0582
26.093
40.2377
35.1441
20.9728
21.6113
24.2666
26.764
28.6283
23.8776
26.9341
26.8357
19.9869
24.7716
26.5718
25.2024
20.5551
26.0557
33.8376
31.319
22.9636
23.5369
26.6687
31.2649
31.6119
26.044
33.3343
31.6279
22.4521
23.7567
26.4938
29.8472
24.4807
31.9611
29.1239
33.9055
24.8681
25.2869
20.262
26.769
23.9641
28.5572
31.9034
32.2599
20.8829
25.2924
27.6303
25.2105
21.8951
30.8994
27.6413
23.1605
23.3402
28.0721
29.5606
28.4617
23.7546
30.6138
27.5096
25.4874
20.6679
22.8514
28.051
23.197
22.8299
28.9532
25.359
25.9351
27.5438
23.9548
21.3562
24.7646
20.8153
31.811
28.1508
24.0703
27.7696
24.3117
31.3625
18.6176
23.0494
34.6248
27.9228
36.975
17.5502
22.7236
26.2615
17.5644
25.7037
28.028
22.8123
29.2839
21.3532
22.4359
28.7287
26.4061
32.761
26.6771
31.7175
27.3838
22.6897
24.4547
23.898
29.3613
29.4235
26.6785
24.6854
27.5752
21.8731
24.4263
26.4567
29.2604
26.6113
26.3841
24.2029
27.031
23.8295
27.4735
26.2971
31.9543
25.1998
28.8207
23.1021
25.8497
21.4836
24.1537
23.6038
23.1812
30.2599
33.5079
27.6765
35.8724
22.8099
23.3561
25.593
26.1133
26.0533
24.16
29.9616
31.1033
18.277
14.5347
23.1726
27.8833
23.1391
27.5311
36.6312
39.4355
23.5463
25.1296
27.3778
27.6515
24.706
28.3076
25.3278
22.7834
24.7877
27.6934
25.1303
18.1572
31.2544
29.4825
26.2812
24.7752
25.6595
25.6143
27.4288
19.652
28.4631
25.55
24.3764
24.2899
23.176
23.7617
26.4932
26.6514
21.6577
27.4446
20.9337
26.6682
26.9595
27.0259
32.3402
24.6911
25.7895
33.4172
26.8183
29.6091
24.7261
25.3809
26.1024
27.8434
26.8226
21.2322
23.7383
26.6204
27.7733
29.3656
30.6407
27.6219
25.4711
22.9785
25.7755
24.817
25.6058
25.668
29.9856
28.4723
26.492
26.6515
29.7881
25.8219
20.9315
22.083
26.0868
27.6889
23.487
28.9507
25.1763
24.142
24.1168
23.8503
20.6694
30.6068
22.9306
27.8911
36.088
38.6428
28.8815
23.7866
24.2529
23.4311
27.9914
24.0953
26.647
24.1364
24.7297
26.4581
26.7615
31.2477
26.9874
27.0734
25.043
23.099
26.9617
22.7684
33.7005
34.5524
29.6554
22.5193
27.3568
28.4767
19.9115
21.1048
25.9836
22.432
31.3992
34.2049
32.8732
31.8326
20.5186
23.8693
23.8485
25.1678
23.7373
26.5008
38.7633
40.322
19.7468
25.5941
26.2722
27.1795
28.5293
29.0766
37.0391
40.6605
25.5281
26.1797
26.6706
27.177
39.1707
42.8528
43.5762
43.6663
42.7298
44.5115
44.6689
24.5579
23.9389
25.2881
26.5805
27.1536
31.26
27.8535
23.0648
25.2667
22.6577
22.895
23.8568
24.0234
32.0435
23.4489
33.1064
34.5791
20.7524
24.5664
25.6493
28.0622
28.1371
29.6859
37.4138
37.6699
25.0546
25.8808
26.5009
30.8174
33.9496
34.3258
34.9228
37.8033
36.3876
36.0386
37.0366
38.212
39.3699
39.6992
40.4657
18.5377
29.5724
31.1
32.3412
35.2645
19.2164
39.6009
39.8917
41.8522
23.5309
26.5056
26.9906
27.9104
20.5373
37.4409
25.1951
34.1554
25.002
25.6622
25.6994
25.7838
23.8129
28.1189
20.5564
25.4873
22.6508
26.0086
18.7688
28.3555
31.0168
27.3456
23.3883
26.1907
26.207
27.7045
22.4682
28.7123
28.9711
25.2826
24.05
25.5534
21.5062
23.0243
26.9408
29.0193
25.0913
25.4712
35.6554
30.2914
23.2746
24.895
25.5285
27.6129
24.86
22.5648
28.6564
34.4734
20.7861
25.3098
25.4646
23.39
30.9944
21.6435
31.9711
28.5241
20.3089
23.3215
23.2116
31.9908
19.7898
22.7628
31.4719
28.651
25.6278
25.8099
27.7624
24.2541
28.7203
24.381
22.2132
23.4405
21.3077
25.0012
17.5025
30.4206
24.7701
31.0651
23.6206
29.2225
21.0046
26.976
28.4468
21.5315
29.5601
26.7179
26.1788
25.1263
20.7861
16.9501
33.0816
33.8887
29.5823
23.2423
33.8936
30.7165
21.7505
25.7783
25.9963
27.1849
23.009
29.5243
27.6212
28.8107
21.2074
25.7027
24.1588
22.0116
27.7611
24.2987
35.9191
38.8729
18.6996
27.2501
27.4864
25.9704
29.2953
20.6765
23.3466
28.6375
26.6525
28.0338
26.4609
25.2397
35.4909
24.4974
26.3141
37.2249
22.0648
19.8338
27.5529
27.7612
25.5
28.163
25.8744
33.4237
21.3008
26.5515
23.0658
27.6337
26.746
20.4061
31.1321
25.1859
27.0167
28.6424
23.8129
33.3276
24.219
21.5903
25.4668
34.5764
25.9933
20.6669
31.4831
31.9278
27.8994
22.3411
27.7548
26.2298
25.4443
19.0732
26.3176
28.6311
27.1664
29.5631
27.0591
28.3271
22.2466
23.6216
24.4734
20.0858
24.1913
23.9992
34.1054
37.7079
19.4481
21.4588
22.2003
27.7673
28.1063
24.5511
20.4972
23.8734
27.7805
28.0536
28.195
23.273
27.7189
19.8161
25.2385
26.4165
22.1013
23.6979
22.6333
30.474
31.9031
36.1128
27.5208
35.7604
21.7144
23.4468
22.4837
28.054
30.658
32.1094
36.3523
37.3112
21.1884
21.0068
25.597
26.1013
26.2444
27.7765
28.8714
31.1453
21.3957
24.7946
25.1166
23.2756
28.1669
23.9801
21.746
30.7891
27.9362
21.4261
36.0218
25.8861
37.0055
22.6796
38.5641
29.6673
20.1204
24.653
25.4118
25.4404
22.649
29.9331
28.721
32.7061
23.4047
22.9129
25.6304
31.6573
24.2803
22.1192
35.6038
38.416
23.7442
24.5886
24.8922
22.994
20.7771
29.0784
30.2429
29.6212
24.3663
18.9014
26.4641
32.5884
30.3837
33.9508
23.3521
29.1925
25.237
26.908
28.0953
26.7844
24.8004
23.6707
23.3197
30.3809
23.7865
24.4732
23.6026
17.1577
33.5927
38.3978
33.6923
37.9625
23.8967
25.6602
25.7211
28.5195
32.2345
33.567
33.3751
38.1181
24.2025
26.3352
31.5223
33.382
34.0048
20.6213
23.5909
24.6506
24.9212
34.0584
35.3169
38.4263
39.6688
24.4189
25.4754
25.7092
26.9459
29.553
35.6557
36.9046
22.9992
27.743
27.7938
27.7212
28.359
29.6679
17.7487
33.2105
26.8158
24.2639
24.7578
26.1793
25.3491
30.4695
33.0257
39.885
33.6064
23.3545
29.782
29.8498
27.3463
34.4803
36.8718
37.1512
34.8419
19.1225
21.802
23.3393
24.097
26.5618
26.5903
39.4862
36.5936
22.1495
23.6121
24.3248
26.4259
26.9934
29.9061
35.3869
38.7213
23.4335
23.9589
27.0484
27.1678
28.0426
32.1983
34.9147
37.8212
24.7614
27.2068
28.1433
29.6517
32.7555
32.9835
33.2713
34.7426
27.6246
31.0152
31.5257
32.7514
33.6243
38.8238
41.068
22.9607
26.8765
26.947
29.3724
33.9168
36.7567
39.2751
26.6203
32.5909
21.3832
24.1804
29.3563
33.1003
22.969
25.7686
33.5813
30.6179
26.9117
28.0192
25.5786
34.4456
30.0405
35.2679
21.2813
29.3662
23.3358
25.5975
27.1987
27.3369
22.8898
28.6382
32.6483
31.6158
21.3772
23.9206
23.6486
27.6613
22.2485
28.0682
31.2645
33.7353
21.5194
22.4906
23.6476
21.2904
19.8977
26.8651
37.1946
40.2003
22.1316
23.3089
24.4741
24.9641
32.7581
35.1544
35.8111
40.3295
22.5896
23.3285
25.464
25.9932
26.6458
30.0331
34.8091
38.6228
23.5747
24.1298
27.3496
28.579
31.1641
32.8126
34.9779
36.3344
32.7606
32.9896
33.6339
15.8923
35.2236
38.4878
38.636
26.5446
24.1929
25.0722
25.628
26.4486
24.7357
22.9177
33.2177
29.4591
23.8062
25.2798
27.8614
29.764
31.8031
29.2251
23.3988
30.0873
19.3658
26.1589
27.9516
28.9995
30.2455
31.9074
24.3292
29.7514
24.2157
25.3845
27.1443
28.3643
28.3746
22.1417
30.6944
28.0684
20.1399
23.7468
23.8887
27.2188
28.3151
29.5771
29.4545
30.0193
21.7702
24.4852
24.5738
24.2847
31.4853
27.6485
35.0272
38.155
23.0923
23.605
24.6933
26.285
28.964
28.0389
35.6869
33.7009
32.185
33.3821
34.0731
32.5956
34.6386
43.464
43.3996
22.3
20.3313
22.7472
22.9214
24.4782
25.5659
27.6742
29.3605
26.0734
29.3058
20.2071
31.8249
32.0489
32.8285
34.8779
25.2138
22.0124
23.572
26.531
30.7025
26.3249
34.1289
24.6606
20.6091
35.77
21.3087
29.3856
25.585
22.7824
21.22
33.5747
29.7369
35.9601
23.0596
23.4321
26.4632
29.5971
31.9886
23.8249
26.5889
24.1187
21.7484
26.8184
31.5428
20.5196
19.4073
33.0648
29.9965
27.518
22.8295
24.7274
30.1546
23.4541
26.127
29.557
22.0254
23.0087
27.3416
31.9013
22.8601
33.4913
22.0852
24.995
31.011
21.5922
29.8976
23.1204
33.4564
34.1846
24.6326
26.9733
26.9126
30.6299
24.8389
25.6488
26.2914
22.2576
30.4572
24.0383
33.528
35.6164
21.7585
22.9712
21.1674
29.8376
25.7054
27.994
34.3307
34.9818
20.4642
23.1953
27.8424
28.6926
29.0618
21.9933
27.5757
27.5119
20.7291
24.7422
21.2086
22.9845
31.96
36.9079
33.8803
39.7865
17.7763
23.4854
19.198
26.6729
28.1028
32.17
24.3124
34.0841
23.951
25.906
26.3898
25.2043
32.2436
21.6813
22.2886
28.2462
22.0701
25.9998
30.9774
25.56
34.4761
24.2802
24.3503
38.7757
22.9628
26.8173
27.8517
24.6218
28.3087
23.1097
23.6065
22.4091
28.9131
19.7841
34.7539
33.8433
21.07
31.0344
21.4489
27.9883
21.9132
28.0558
21.1319
29.5939
19.5165
29.7705
29.7882
26.6328
23.9937
20.7489
26.5949
26.9303
27.7554
29.2379
21.8531
27.2471
24.4087
25.8015
34.856
36.2832
28.7134
22.8246
25.5296
28.6485
23.3227
24.1659
26.4555
28.6756
26.0507
22.3567
20.1223
25.1822
26.8541
31.7453
32.071
23.9538
22.6856
22.5441
25.6463
28.1554
25.9758
23.6694
34.4658
35.1052
30.6442
24.406
29.0717
25.217
23.0344
27.4907
25.626
21.0317
34.8279
24.298
35.969
26.0372
23.0337
26.2991
17.7206
25.502
29.8458
30.7711
23.3472
28.0562
23.0385
26.6201
27.5333
21.9171
27.6637
22.4861
24.6854
30.4611
21.1295
22.2874
25.9333
25.1327
23.6758
21.5902
38.3812
40.6638
24.3299
24.7595
24.1353
26.3947
26.8724
30.1552
25.7515
24.0291
24.2386
25.3731
26.7658
23.5311
22.9411
31.6314
23.488
29.628
22.854
25.4569
30.6214
25.4811
23.2178
21.2774
31.5872
26.3198
19.1546
26.5475
24.7691
22.4249
24.8359
32.7693
28.1948
36.3224
18.853
22.594
20.0935
30.2462
23.2727
25.8265
37.6166
40.3617
23.5672
26.0492
26.5508
25.3899
30.6545
25.2867
33.6056
37.7624
22.767
21.8155
25.8803
26.0465
27.1959
30.1811
30.1963
30.2875
21.0995
27.095
26.2921
30.1083
34.4873
36.1566
31.4988
32.5685
22.0874
22.4513
26.5931
28.2783
28.7568
32.0945
31.8731
35.9227
24.0522
26.6604
27.8041
28.9107
29.0282
31.521
33.1958
36.1055
32.8243
32.8863
32.9842
33.2216
31.9398
38.3973
38.7769
26.0193
25.6815
26.4818
26.4401
27.8719
20.4945
33.6689
38.6223
40.6912
22.1803
22.8691
21.8954
25.0665
25.3563
29.7546
36.4424
37.4226
22.7918
26.3527
31.1744
31.1588
31.2972
30.6045
24.3219
24.1175
21.5548
24.0074
29.6832
30.0958
30.5071
26.1645
20.1559
22.821
24.1623
24.2195
24.2786
28.5605
30.1059
22.6529
24.5234
27.8171
28.2739
28.658
28.6216
29.5989
30.5989
26.2278
33.2296
27.0622
25.6491
27.6073
26.4511
22.2328
31.4614
34.4417
34.6018
27.9253
24.7841
25.9022
25.9448
28.9972
29.0902
26.0792
22.6846
23.6388
23.3556
25.8837
30.4938
27.5562
27.7421
27.6252
24.6718
30.0366
22.1163
25.0415
25.104
26.7676
28.6147
28.9206
24.4701
26.2647
22.2403
26.7359
27.3399
27.305
27.5423
22.8437
19.2066
28.3231
17.7659
21.1465
25.1625
26.1064
25.0209
28.3068
23.7878
25.8503
24.6252
26.1587
30.943
31.5273
31.8862
30.9282
26.0408
27.7529
25.2018
25.7092
26.8632
30.007
28.7672
33.1686
28.7045
30.2656
22.8869
23.6273
25.824
29.7297
24.8664
29.0179
35.1801
36.5908
25.9788
27.9198
28.4521
29.228
22.2353
32.0413
31.6984
30.0622
24.685
25.8066
29.1044
21.3616
32.7112
32.7136
26.55
34.2945
22.7598
23.1968
25.6346
28.9725
29.9464
36.1353
33.5928
34.8554
22.056
23.9215
25.2634
27.6
25.3909
26.4428
28.6541
36.1744
22.5162
24.734
24.6347
25.9673
30.3106
30.8741
24.1094
30.8267
23.1029
24.7726
24.8655
22.84
31.1356
27.1528
36.0129
39.108
21.8282
24.7924
25.1895
21.1689
26.5057
26.6774
29.3587
27.381
38.4916
44.3739
45.1368
46.0435
35.1036
50.4591
37.6725
27.5001
22.4502
24.1006
26.2226
30.2709
30.3675
22.4648
35.2146
35.617
23.3462
23.4341
27.1042
20.615
33.0455
32.9574
33.5479
34.5779
30.0262
30.4972
34.0653
34.4652
34.991
20.1184
25.2373
24.9097
22.0981
24.4459
27.3409
24.3646
31.394
31.4423
26.3524
28.6877
20.54
17.4792
26.1266
26.2739
35.1576
34.3128
42.0966
41.5817
22.3337
24.1632
27.9824
28.3823
36.1119
36.3983
34.918
35.061
22.9436
23.0837
25.3766
26.1176
27.0841
28.2403
35.2325
38.6264
30.8459
32.1182
32.3233
32.3902
35.5601
37.0866
37.6505
25.7404
25.0107
25.075
15.8077
33.9106
38.9969
39.0121
40.3322
27.0991
19.3491
24.7784
26.2829
22.5905
28.9999
26.2575
36.5328
38.8855
20.7314
24.9122
27.9488
25.5325
28.4192
28.7901
28.4257
30.5241
33.3652
33.8735
45.676
49.1795
44.9281
50.3878
50.3679
21.6637
22.0394
22.1601
22.6333
25.05
26.3614
30.2311
32.9015
19.0813
28.4673
31.8021
32.2483
32.235
32.3424
32.3089
27.4838
21.8994
24.6014
24.6992
27.4999
28.1
30.0891
33.127
27.4656
24.1324
22.4625
25.8489
28.7648
30.0587
32.9542
25.4054
24.1662
24.1825
21.7367
25.7993
27.5587
27.9633
25.2216
25.9254
22.3687
28.2961
20.9005
23.6751
26.5126
18.1053
22.7349
24.9736
35.4842
39.7186
23.6507
25.8894
26.1065
27.1309
24.0749
32.5651
35.9658
40.6566
23.1961
24.4844
24.8934
27.837
30.0999
30.1644
37.718
40.3503
24.1779
24.0407
27.3028
27.9215
29.0409
29.2405
29.644
36.2113
31.094
31.3073
34.1282
34.2949
34.3907
35.1739
35.3525
23.0485
25.186
25.921
26.6185
28.2187
25.3498
25.8415
25.8733
28.5213
23.6049
33.3791
35.1003
35.5124
23.3887
24.5613
25.9528
22.469
30.0918
33.2932
22.3916
28.0192
20.524
23.9179
25.9174
26.1988
27.4311
27.7059
26.9279
28.69
22.4968
23.4218
23.7186
24.7502
28.2931
22.8694
31.9369
24.2323
23.263
25.6812
23.204
29.4569
29.7599
30.3033
19.6524
28.924
20.6371
21.8133
22.3844
25.5029
28.9765
29.4526
25.8327
28.7669
20.6029
22.7332
23.1672
25.5472
28.1208
29.4671
24.0061
26.6733
23.2911
25.1417
26.2981
27.205
28.2971
28.1926
24.3033
26.7207
25.7129
26.2505
19.3513
30.3223
31.1989
20.5748
35.0783
33.9757
19.7688
22.4693
24.3891
28.0347
30.2277
27.9855
23.7637
28.1825
25.4177
25.5998
24.1894
27.8444
29.4157
30.1861
21.4408
25.2782
23.5581
20.6518
26.0066
26.6988
28.5291
32.7303
27.5882
28.4373
22.4007
30.0322
22.0976
25.0593
28.8173
29.2302
25.5405
26.7471
23.3936
26.4655
26.9092
32.7502
23.0088
34.8845
24.6672
34.0341
20.0465
22.0793
24.7038
27.0782
27.7625
28.0749
28.14
25.4428
28.4892
21.1619
24.7044
25.836
32.1769
25.5198
26.2992
33.1368
33.1877
22.242
25.3365
28.6233
30.4252
22.3371
28.8374
38.2514
30.6393
24.6677
27.451
25.6313
28.21
31.2867
31.3718
36.4501
37.1304
20.6659
23.7242
26.3505
23.6535
29.6891
28.4096
33.2134
36.0859
21.1938
22.7857
24.7003
27.5687
23.9973
27.8647
32.6863
35.7892
34.149
32.2446
32.1697
35.9574
36.2792
37.7873
39.0995
24.3404
27.2798
28.4406
30.0731
31.0686
20.7055
33.6208
34.6863
36.8789
21.4866
22.5691
22.5832
24.4124
32.5515
22.4473
37.0339
39.7492
26.8482
29.932
30.8156
22.2211
23.1884
19.8736
24.8423
22.9422
24.297
28.6478
31.3414
25.7404
29.2826
23.3555
27.0787
23.9485
23.151
20.3444
24.9798
34.0848
34.9983
19.3716
25.821
32.3986
22.5112
26.8021
27.6649
30.7916
35.0046
29.3141
32.7837
35.8906
19.4897
20.9715
26.697
28.3008
25.2875
23.2013
36.2581
38.6665
22.9643
23.4889
27.5587
28.0509
28.4005
29.3388
38.1385
40.3439
20.6656
24.3522
26.0586
26.9922
27.2108
27.0613
27.9382
29.6678
18.6149
22.5097
23.6725
25.7445
27.1154
28.9942
25.8994
25.4394
20.4911
25.2567
26.1281
34.9791
27.9122
26.6711
24.5983
36.5651
24.1453
24.1536
30.7581
28.5806
25.6591
21.0133
24.5005
26.2292
20.1834
21.5806
24.7811
20.9445
26.4215
26.0579
35.99
40.5617
24.4396
25.604
21.9239
27.0943
28.4086
30.4749
27.5264
28.3373
24.2055
23.4992
25.7714
23.6549
27.6385
21.8556
28.5904
23.0701
26.5732
28.0034
27.9988
23.8041
24.0958
32.2043
23.0718
30.4716
21.4443
22.8655
26.5638
27.3115
22.8013
22.5
34.401
38.0557
23.5252
24.2911
25.5899
26.4071
29.2283
30.4539
34.9286
36.2492
23.8284
25.0142
25.6025
27.6903
30.0822
30.2399
31.9628
33.4731
22.1033
23.2033
23.2129
27.411
23.2817
30.6442
37.4147
37.8572
25.6503
26.0732
26.1814
25.8654
28.0232
29.6897
30.5693
26.8407
44.6514
43.7976
37.2831
38.3794
45.6113
52.8949
46.0625
19.192
23.5233
25.4881
25.8157
27.0685
28.3825
30.9709
36.9118
21.3644
29.5361
30.448
31.5599
32.9745
33.1944
36.1453
22.9408
25.9156
21.6485
23.1934
26.4304
26.867
23.3647
36.7044
28.5054
35.9921
21.0424
24.2245
26.3903
36.1031
36.1719
27.4386
35.1392
31.3997
22.4492
23.2287
24.6544
27.9276
28.1182
28.2561
33.0521
34.3459
27.2334
28.3471
29.0721
28.9069
29.214
29.5357
30.6991
31.7884
21.954
23.2052
26.1191
28.017
26.5406
26.4054
35.8782
38.5151
24.0596
24.8148
25.199
25.9061
23.6628
27.7317
38.0926
40.782
36.1349
36.3762
35.8839
36.571
36.6257
38.2333
39.716
24.8459
20.9886
21.4134
25.7511
28.5436
22.1223
34.1011
38.7777
42.1566
21.4178
29.5738
26.0264
23.4788
33.0282
34.7533
24.9136
36.221
21.6949
21.3394
29.2158
29.2878
26.0678
20.9524
20.6942
29.1384
23.4237
26.0742
23.7333
32.508
23.2933
23.9637
39.7945
38.7574
21.4356
24.9751
25.3988
26.7737
26.7473
27.3013
30.7716
31.2339
22.6159
20.8648
26.6185
27.5076
29.5778
33.1977
35.5958
39.6645
23.2907
24.7142
25.9235
25.7919
28.0783
28.7104
29.0279
32.1597
35.0868
41.4481
41.687
39.1294
35.2546
44.0763
43.3942
20.4376
24.3529
26.7138
28.1655
29.2041
32.6965
34.7036
37.0138
22.3614
22.1195
23.946
25.795
28.4451
33.1337
28.5606
30.8897
24.799
29.3875
29.8069
29.9639
32.8063
32.9756
33.3295
20.6259
24.6497
21.4812
23.8941
21.9589
28.6842
32.2578
22.0636
33.1628
28.9813
23.6507
23.8781
24.82
20.6542
26.4281
30.8002
24.33
28.3359
21.3224
22.9498
25.4718
27.457
22.7713
27.8807
35.1955
40.3808
24.3874
25.0366
26.7061
28.8417
29.428
29.8214
30.6177
30.8998
31.4593
38.2393
42.2024
42.6654
36.5912
43.0884
44.318
21.5186
23.0856
23.3239
23.7916
25.3833
27.9629
34.8272
35.9402
22.0454
21.7996
23.0055
28.0576
31.4878
36.2972
26.1159
24.6548
39.3608
22.4619
23.1966
25.9393
25.9408
28.8981
18.2955
23.2475
29.1913
27.6699
21.8545
25.3278
21.5635
24.3337
22.3549
25.5248
17.0438
30.4377
22.584
27.136
35.2964
27.5644
21.5242
23.7193
28.0272
28.467
29.6008
23.0266
33.1577
35.1643
20.7341
23.3417
26.5058
29.5743
28.3105
25.8443
33.1125
38.4573
21.7804
23.076
24.3675
26.8018
27.0031
27.2541
28.2037
28.4406
22.0348
23.9179
29.3044
24.2248
23.8958
29.6875
35.7783
38.2689
22.0693
25.4624
24.4137
22.1464
24.3765
27.4455
32.9562
34.6287
22.1602
22.906
24.5841
17.4241
28.527
22.6496
32.5919
31.0691
21.5132
25.4438
27.4821
27.5469
28.3022
25.0101
31.4552
31.6309
23.8462
24.8836
22.0142
23.5931
30.2772
31.919
24.8223
23.7469
24.2289
25.1901
22.657
26.9247
27.8401
21.03
23.8171
28.1572
20.9249
25.1665
27.4871
22.3001
19.9844
29.3533
24.0587
22.8265
24.7882
19.8041
29.2673
33.7205
27.4296
34.9992
30.3274
27.3733
23.8791
18.9735
29.2092
26.8551
24.2415
23.0987
35.2888
37.2133
20.1552
19.4027
26.9673
18.6785
26.4489
27.6451
35.6127
39.537
23.622
22.7844
27.4024
27.619
28.5298
29.1522
30.3821
32.1309
23.2971
26.6738
26.887
25.2501
22.7932
29.7268
26.4375
27.3922
25.2013
26.9495
25.7778
29.16
26.6959
31.4656
26.0057
27.6189
23.3605
29.4353
21.9687
27.1182
20.2672
26.9715
35.2379
35.4599
24.7607
25.2052
28.687
26.96
23.8407
25.4412
23.6519
23.6268
21.5937
25.8771
29.1763
18.8328
25.8646
33.6304
23.9576
28.9055
26.2127
29.3083
22.3904
34.6624
20.352
26.7177
24.9169
35.0334
22.3747
24.2414
23.7422
28.2457
22.4754
31.8279
25.926
27.4443
22.5375
23.2396
27.6286
25.4206
31.4692
24.4641
28.7515
25.1226
24.8828
24.9342
26.6062
27.7421
26.476
26.6912
24.2025
26.7053
21.6502
26.7231
23.3221
27.9645
28.3315
23.9688
27.7634
31.7525
20.7956
22.2419
20.9073
25.456
26.7414
26.4671
30.3803
24.5267
24.6102
27.3093
28.2146
28.1338
22.4077
27.4698
25.9896
30.5027
19.5198
23.7686
25.4235
21.2686
28.9813
30.9395
36.288
36.3193
24.071
26.3067
27.2285
27.5054
28.3192
26.1177
29.6905
32.35
34.5741
39.8971
44.5059
44.2606
49.3419
50.1344
36.265
21.6182
22.018
22.2354
22.6854
22.9225
25.2546
27.1021
27.7947
20.0698
31.1208
30.9868
31.2072
33.4953
33.7164
23.7623
34.1095
37.2205
21.2604
24.444
25.4269
26.2856
26.9337
28.3932
31.4462
34.5632
18.1474
23.5077
24.4125
25.8039
25.905
26.7293
40.2973
41.0983
26.9392
26.957
30.36
30.5729
30.8252
31.8234
37.4752
26.0812
25.5118
27.4409
28.7715
33.1421
33.8979
35.0172
35.4736
31.5719
20.1182
23.7505
24.4086
26.9325
26.9886
34.706
35.5919
26.8997
24.9579
26.5307
28.6498
19.6783
24.7449
21.6415
29.9686
22.309
22.3559
24.7131
26.0573
27.8503
26.0147
20.93
23.7508
25.5292
24.9746
24.7697
29.1332
29.6497
24.6783
20.335
23.2407
26.9332
25.9911
28.4421
28.6417
20.3692
18.881
29.6006
22.8438
26.0244
25.7584
30.3393
32.9117
24.4221
24.82
21.6467
33.2278
26.8487
23.5237
24.7365
25.664
25.5269
20.7763
25.688
26.3047
25.217
22.4346
23.431
22.9331
29.9529
18.9947
29.5978
22.5917
25.5606
24.737
28.2849
31.6579
25.3279
27.8834
21.5547
25.9809
25.9172
25.4514
28.5253
24.4564
27.8129
29.4081
26.897
26.6719
27.4962
24.0377
26.8412
21.31
27.4937
25.4894
31.2176
36.307
38.6415
19.0329
22.5057
25.919
24.1121
23.5086
24.4722
35.3065
37.9437
23.7936
23.1144
27.2501
26.4549
30.1728
24.1711
36.6618
40.104
23.1331
23.286
24.8758
20.3914
25.8337
23.9795
28.3587
29.8338
21.5042
27.452
25.8417
24.16
26.6815
25.7178
37.3949
39.8997
18.4291
21.2475
23.0694
22.7007
28.1115
29.068
30.6876
27.5241
22.0136
23.1725
26.7091
30.8101
24.6971
32.2365
24.891
30.1451
20.4065
21.8234
22.0763
25.1034
30.7482
24.8289
36.6023
37.9026
24.3499
24.9067
18.3121
23.8492
28.9687
26.5777
35.2559
28.1657
25.3235
23.908
27.0387
22.3544
29.3121
30.115
27.3749
26.09
23.6529
27.7465
24.41
25.7812
24.2043
37.8917
28.341
38.8627
24.5027
23.7214
22.3371
27.8835
26.9127
30.7021
24.9262
26.8507
26.3572
19.6005
28.373
30.9193
30.1823
22.5287
25.6701
28.3081
26.3419
26.5804
30.5644
26.7782
30.2822
20.8041
24.5988
29.6628
24.1234
24.2585
24.4545
19.9538
31.9386
30.2463
28.7777
28.7038
22.6239
25.8311
27.4042
29.1347
29.2892
26.0387
34.3047
35.4149
24.9949
25.1452
23.6124
27.3228
23.72
28.2448
34.0602
38.7
23.049
25.0925
26.0788
26.1679
31.5496
31.7456
34.7157
35.7693
23.3008
23.2001
24.9743
24.9663
28.7348
29.7605
30.0561
31.5778
35.4863
35.6373
39.1798
39.4846
39.5
38.1238
35.8243
22.9349
24.0665
25.1354
27.32
29.7888
19.8463
31.8911
34.6206
36.5151
23.1557
23.8983
25.4295
26.8815
27.2881
29.3345
31.0852
25.4607
24.1561
25.7558
27.7155
27.9463
29.2483
24.1667
21.99
22.835
24.5027
27.8019
32.0936
23.4735
36.9227
38.1376
24.6562
36.3528
21.0431
22.1032
22.6763
28.6417
29.6798
30.9225
28.8062
29.2676
21.2701
24.5766
24.5965
26.5456
28.5446
20.6863
30.3173
27.4344
22.5013
23.1769
23.7912
24.147
21.8381
23.9221
25.8078
26.0681
26.7118
27.0739
25.8833
26.5037
25.4606
25.5549
28.136
29.7794
30.8948
30.6927
26.8803
30.8971
22.0664
22.9752
24.4576
26.6318
30.386
27.6071
37.0735
39.5282
21.2313
21.3186
23.8797
25.3068
26.9301
24.6774
26.8358
30.1603
32.1371
42.9933
43.2084
43.5699
45.018
36.5932
43.7491
25.3367
22.1984
21.948
27.3307
27.3929
32.0931
39.4463
31.4322
42.0519
23.6605
25.1038
26.6262
28.4561
26.5321
34.5102
37.3801
37.3585
22.5196
23.2653
26.2458
26.1137
30.038
24.391
35.9553
33.7565
20.0726
26.2997
24.8309
31.1794
23.7985
34.3665
24.4222
38.7916
21.2336
23.5812
24.6225
23.1172
28.9324
25.5635
35.9623
38.6762
22.8147
23.5085
20.623
24.4117
25.2922
29.1428
36.0751
37.8369
21.6838
24.7233
26.9393
28.7081
29.2878
30.7587
32.1893
34.1939
24.3752
23.0161
25.5868
22.6779
28.5815
29.6324
37.5028
37.9142
20.666
21.9846
28.8739
28.3212
32.3593
32.7397
35.3678
34.7957
31.789
31.9913
33.1273
35.5561
35.9584
36.4521
36.6082
19.8466
24.6875
30.1396
27.7241
24.8942
28.6169
18.2522
40.536
40.9059
19.8966
22.5846
32.561
33.3922
34.7894
35.3386
35.7907
37.2313
20.1999
23.9983
25.45
22.6812
26.1012
28.9797
30.9128
22.8846
24.2746
26.1018
29.9921
30.9413
21.2128
35.317
24.2081
31.9877
21.4542
26.9456
27.2083
27.7191
28.5829
29.9465
22.8992
27.201
23.5471
29.35
30.7459
31.3917
27.4374
22.4717
35.8718
30.5958
25.2321
26.2141
26.5652
29.0922
29.6168
31.078
39.9314
42.4787
25.5935
27.9392
28.0831
28.2989
32.4886
36.0061
36.711
39.7266
24.7471
25.9597
27.1234
27.4845
29.3596
31.3417
31.5664
34.0712
27.6897
31.7264
32.7373
31.921
39.2594
18.3475
33.5229
28.7453
23.9446
24.2255
25.0735
28.8016
22.0041
28.3587
36.8303
40.8985
21.0443
24.7133
23.2646
28.3639
27.3354
25.4581
23.3914
33.1834
25.4064
27.9827
24.3445
30.9551
30.2345
24.9299
23.1295
24.9113
23.8011
24.4418
35.8785
39.7624
29.8221
24.3313
25.6486
23.6671
27.0061
28.1256
29.6006
33.7973
34.419
19.8965
23.6503
26.3526
27.5635
27.578
28.4097
29.0044
30.342
34.3177
43.1181
46.7633
44.8947
37.6934
42.2713
48.0536
27.9825
20.874
22.9786
23.9125
26.0845
26.2225
21.9224
33.954
35.858
24.3876
24.6384
27.2869
28.2976
29.3568
23.7109
26.4289
29.7405
23.1918
24.7487
22.0259
30.0298
30.9283
35.286
38.916
32.9272
22.8655
24.8061
24.9333
26.8694
34.2796
36.1261
37.8127
38.7791
30.057
31.7855
33.3312
34.0924
34.2068
37.8992
38.1367
22.4009
26.2193
30.3324
31.7799
32.774
34.3269
38.7317
39.1327
27.8374
21.3159
21.3467
26.2163
26.244
27.1483
30.5213
26.9733
26.0208
27.2169
28.55
22.4536
29.6457
22.5554
21.5709
41.549
41.7142
25.1854
18.4123
28.6561
31.7823
24.72
18.3203
23.6738
32.5811
22.3343
24.5867
25.8614
22.979
28.4232
25.8333
36.8746
39.4399
19.8136
22.0262
23.4457
25.552
25.821
25.0339
28.3122
31.1268
36.999
35.0518
40.3244
41.6754
33.6317
42.6658
45.3833
24.5088
22.8783
23.4737
24.6783
24.9468
20.694
30.1964
30.5458
31.6055
24.3832
26.5941
28.1575
29.1234
31.0004
31.1475
32.8647
21.5508
31.3589
31.3262
31.466
31.6224
35.5802
19.0909
22.9522
28.9446
22.5402
23.7335
26.5364
28.5121
28.9161
29.322
24.9964
27.8509
21.7307
22.936
23.4044
23.8193
25.46
30.5131
25.0732
26.5246
23.9804
21.6355
26.5816
26.5958
30.0756
30.6184
29.1485
31.1009
20.5758
24.1208
25.6405
26.3574
22.9335
28.789
28.8079
26.2303
23.3791
24.2836
24.8913
31.1262
17.1734
24.5871
33.4761
26.2616
22.6088
26.791
27.5733
28.0024
30.6564
25.5133
28.0004
30.0564
21.8607
22.3455
26.4512
27.1177
27.2032
30.3053
25.8245
30.7159
24.6615
28.4531
28.7765
31.9349
27.1959
36.5555
38.399
36.5798
21.7347
24.4739
25.2094
25.4938
26.9995
29.2838
37.638
40.5467
21.5262
25.0046
31.5014
34.5073
27.8152
37.2414
37.5342
37.9058
20.8254
23.2085
23.8579
27.6803
24.6491
28.8955
28.3728
25.2981
26.9014
28.3528
20.5294
33.2524
33.7547
26.8682
26.7208
25.0675
22.0209
22.4644
30.9476
24.7616
35.042
29.1685
34.0655
27.0546
21.3849
23.6764
26.0385
29.6688
30.2766
24.7532
27.5523
23.3798
25.1687
25.8823
26.3443
32.8864
25.9394
19.2237
25.8165
28.2212
20.7369
24.9853
29.5233
30.4876
27.2599
26.4065
29.3677
26.0684
24.3638
25.0685
24.1217
30.6518
32.407
25.0431
25.1479
30.3391
23.1778
28.6849
35.534
25.9043
27.5844
26.2935
24.7108
36.4576
21.1207
21.3507
23.9505
22.7209
26.6017
22.7388
37.3317
40.6178
23.8245
24.5222
25.6969
26.3893
25.8994
24.0657
27.6467
29.2418
20.5342
27.392
28.5555
27.6137
25.2054
20.7101
30.579
27.1686
21.6963
26.1419
28.5547
29.818
26.3268
22.9002
28.4844
29.4239
22.3193
23.3898
23.6538
26.5573
24.5617
21.5886
22.0764
30.9301
25.0707
24.2101
22.31
28.6837
24.9163
25.0695
27.803
17.1916
24.8783
28.9805
24.4519
28.0135
22.7119
24.5635
31.7652
25.422
20.7068
24.3678
34.2244
30.2939
23.4499
27.2738
25.0674
25.7442
37.1512
39.7103
34.6185
39.3253
22.5139
26.1803
26.5792
30.0849
30.9108
30.1445
29.8931
37.0086
23.4559
22.8787
26.4015
29.0794
21.0814
33.0652
30.6245
30.2226
20.965
25.8914
28.8881
22.4486
33.5454
28.1714
34.0777
25.0958
24.079
25.0891
29.0885
18.5959
27.5509
31.1295
22.3163
28.9446
24.3203
25.0397
18.8172
27.7425
31.5695
27.5912
23.0579
28.5071
18.7385
23.0731
27.6502
20.0009
27.5614
35.3249
30.2077
31.3331
23.0321
21.8828
24.5744
29.2904
29.3957
29.9764
34.2283
34.3054
22.0522
23.2229
23.7897
26.1369
33.4204
36.7796
38.1119
37.891
21.1087
27.3019
26.5061
28.1218
33.6028
33.998
34.7692
37.2419
21.2391
24.6708
28.888
29.4262
35.2969
37.4796
39.0875
41.0529
24.9506
26.9591
29.158
30.2955
30.4455
33.8638
39.3974
23.9622
25.1134
25.9454
27.5859
27.9263
28.8526
22.4912
34.0362
28.343
22.7705
24.7086
26.3759
27.3509
28.1442
29.4264
30.0957
29.2996
22.7801
24.6705
25.4611
34.3849
33.7205
27.1722
27.4764
38.0236
21.7887
23.631
24.4895
25.2048
28.4378
28.5006
29.9795
32.1874
21.7834
23.1609
25.0078
27.7243
25.8901
29.3211
37.344
41.0718
22.6954
24.971
26.1657
27.9595
30.8761
31.3939
34.4984
36.6575
28.3821
28.499
29.2105
31.5126
32.4444
32.3162
35.4182
29.6121
21.9738
22.7127
24.3839
25.9392
29.4549
26.2912
34.1638
36.2559
20.8079
22.1776
25.4765
26.771
17.4206
28.9997
29.3937
24.7502
27.9466
28.4612
20.0268
35.8709
40.3589
23.5053
31.333
36.1141
21.4656
26.2186
26.2569
27.3265
26.7876
21.607
24.2881
31.6286
26.1317
28.8247
25.5832
31.9901
33.2358
27.3708
23.0448
28.7737
19.5123
21.92
25.1403
24.5763
21.0322
29.6562
36.8235
30.6459
20.551
22.8574
19.6159
27.2284
35.0077
38.082
33.5046
38.3376
19.3767
21.5896
20.3595
24.3471
25.6781
26.1177
37.7974
39.5555
22.3909
23.8448
27.3028
28.9195
29.2317
30.0017
35.1265
38.4555
22.1082
23.0725
23.4603
24.5653
27.1151
28.0958
34.7455
38.3044
22.8176
25.628
25.8635
26.3118
26.8033
35.2267
36.9787
37.7375
23.3806
25.0385
27.3925
29.4855
29.6427
36.0376
20.072
37.5746
29.7583
29.7446
32.7199
33.8282
33.8673
36.2945
24.4376
20.5017
25.9644
36.7552
29.1145
26.1226
31.8201
26.8522
22.9521
24.2429
24.1439
24.7358
24.8458
27.7983
24.4268
29.6674
26.4934
27.7632
24.9778
25.0418
29.5691
29.7112
29.9144
32.3279
30.2685
33.1831
24.0958
23.6747
30.4489
31.8414
31.8766
32.704
31.2114
34.5613
20.6514
22.6761
25.0188
27.1299
27.5587
31.4551
39.6969
42.0404
19.2315
22.1301
24.9139
26.1768
28.4601
29.5206
35.2618
38.2611
22.37
23.8449
24.5369
29.1322
29.2108
37.5327
38.8066
25.0943
24.3452
25.5949
26.0749
29.5923
31.4168
35.399
35.4917
27.2893
21.0007
26.2936
21.3208
22.4535
33.8309
30.951
26.8524
25.7043
23.5129
38.1853
24.986
25.6219
27.3021
23.1848
20.0418
22.3318
29.1775
21.8949
27.8278
28.0306
28.3927
22.0408
25.5196
23.5547
26.0858
25.2729
23.0646
22.1543
27.0128
22.6538
30.7157
33.7649
30.2429
37.4216
21.3342
25.243
30.1082
31.5249
32.0928
30.6597
36.3064
40.271
19.6462
23.6702
33.3084
31.9504
34.021
35.2605
38.7686
42.195
19.3317
22.4344
24.9408
26.0777
35.3143
38.1865
40.4929
40.3044
23.5807
24.6676
24.9734
25.3746
25.8632
26.361
27.7317
26.7908
24.4023
25.7533
25.9718
26.1973
31.0794
29.1263
26.6553
30.2587
22.0893
24.5004
27.0552
28.911
30.6312
26.2161
32.2683
29.9234
22.1301
30.8987
22.6771
26.0156
24.9437
27.401
29.7922
30.5515
21.134
21.0957
23.3734
24.9211
28.1174
29.2863
25.5461
29.9246
22.7518
22.9548
26.1082
26.2587
26.799
29.1128
24.1155
26.0757
23.795
24.043
24.9313
20.3225
32.1283
20.6946
38.1218
31.0192
19.3447
23.9967
23.9218
30.4634
30.9264
27.9672
35.8108
36.4414
18.591
25.4862
24.1209
26.6501
28.0722
28.6723
28.6092
29.4925
19.5226
23.6097
25.5152
25.5346
19.0653
29.0178
29.8447
28.0919
24.4189
26.2619
26.9432
29.8507
24.5939
24.6993
37.119
40.8762
21.9996
25.8163
26.8864
26.9239
21.5116
28.1323
28.9113
28.3964
20.9152
20.9369
24.7662
26.3945
27.4274
29.3616
25.7386
26.6264
24.1057
22.6217
28.1995
28.8181
20.8649
31.8005
37.7744
32.4711
19.9998
22.0054
23.2809
24.1986
27.298
28.0511
25.5945
30.87
22.0284
23.7627
24.5242
24.5507
25.6734
27.8114
25.3409
28.2531
24.55
25.3798
26.3371
26.9942
27.8657
25.3642
25.7844
25.6535
22.1296
23.8332
25.842
29.033
31.0946
23.9384
36.4331
26.1166
23.2695
24.7433
25.924
26.0502
26.7829
22.2651
24.0691
24.6381
23.4873
24.0781
28.6761
29.5185
34.6159
25.9957
33.0104
26.6012
21.8444
22.7573
26.7759
26.8266
28.4304
30.5418
26.7026
31.3795
23.4741
23.6553
24.1718
22.3905
26.3673
30.5599
27.3066
23.1728
26.9293
24.3083
31.2423
31.4127
38.064
38.1075
30.6346
30.5038
34.1312
34.8586
35.0411
36.3926
36.5761
25.2273
20.8525
20.9517
22.2708
17.2535
30.5517
22.276
35.4474
38.4942
21.8988
24.2177
20.72
26.0665
32.6495
30.3302
34.377
28.1338
26.9928
28.3428
29.2469
33.535
26.9371
26.839
24.8049
28.3463
20.4517
22.7441
25.8322
19.7482
29.225
26.644
22.0758
26.8416
24.7096
24.8298
26.8406
23.7253
33.3699
24.5095
20.8855
24.1507
26.0645
18.1961
30.5171
34.5198
20.0183
32.7127
28.1048
24.6378
18.5711
25.3182
20.8695
26.4246
32.7854
35.6242
26.1915
39.6939
24.4506
25.6901
29.8084
26.0476
24.276
24.4902
37.5444
40.8782
21.1657
22.4607
22.8745
24.7253
26.0314
30.083
30.8223
32.5398
23.0309
22.3438
23.9848
29.6747
23.6995
29.917
21.8156
27.9223
25.1288
19.815
33.7571
28.96
34.5929
27.5454
23.546
25.9967
24.4077
27.2951
19.3827
26.1473
24.2466
31.6335
34.0238
22.9142
22.0458
21.4198
26.4053
22.0097
29.4436
35.6754
39.4919
40.6378
33.9374
21.9951
22.2069
27.5014
29.248
34.235
36.2444
37.6652
38.3168
22.7537
27.0805
27.645
27.9732
28.7572
28.9358
35.3954
39.0973
25.2036
25.4129
26.3681
26.9573
28.9252
30.2489
30.9525
24.2089
25.794
27.2632
27.4297
30.4172
32.7257
35.5651
22.894
30.6467
25.8671
26.1611
26.1041
27.0171
27.1074
31.6951
29.3863
24.9804
23.4456
25.3016
25.355
26.6054
27.785
32.6221
30.4575
31.1811
20.9051
22.9123
25.6424
26.7658
28.0945
28.3514
39.7332
42.6215
22.2548
23.5949
24.4531
25.0647
27.283
30.0226
31.6596
32.8387
23.4729
23.2227
23.9395
26.0118
26.3373
27.8027
29.4565
33.0041
34.7592
34.8212
35.3951
36.6685
16.97
40.598
40.5599
25.0242
18.5092
26.2449
28.5968
29.1238
34.1266
34.9889
29.6306
28.3045
22.5396
26.5412
25.2597
30.4108
30.7258
20.6902
35.7965
28.893
23.1828
21.8434
25.5507
26.0886
19.5986
24.3762
32.9712
34.2701
26.4171
21.6574
21.6864
31.4096
24.6631
28.6583
20.916
32.2313
27.9241
23.2725
23.8382
25.3124
25.6511
22.9241
25.6639
21.2644
31.1391
26.2416
26.1835
23.0072
31.3861
28.8637
23.5031
27.1591
27.3565
19.6035
20.8255
27.1553
26.7183
31.0381
22.0475
25.9179
29.5315
23.4838
25.5965
28.1693
24.8612
20.1762
23.8909
29.8475
26.7117
22.6387
23.0484
27.8428
18.5342
25.8122
30.3497
22.6574
26.2737
26.568
28.4571
31.6909
22.462
27.5916
26.3395
22.4841
26.6694
22.1837
21.1971
33.4215
26.377
34.3806
22.8548
32.3917
22.9636
23.007
23.3217
20.8757
26.5987
25.6874
35.1948
22.7168
37.9947
22.9322
27.3234
28.0128
28.5269
24.8366
27.9401
23.5386
22.4209
25.5718
25.9802
28.6025
25.956
31.4098
25.0504
29.1404
24.8151
24.3512
25.7249
26.8339
19.5491
26.767
30.1666
20.7609
25.414
20.5896
23.8632
21.2742
27.8726
27.8748
22.8562
24.0315
22.6095
21.4847
24.0494
22.4988
28.0392
21.597
23.3335
31.6025
23.2133
24.9558
25.97
28.1401
22.8398
30.2421
22.9758
29.02
26.2607
17.9617
25.7882
20.7289
27.486
25.8318
27.9417
26.495
31.5328
22.2768
23.4001
23.9451
19.4504
20.937
34.2892
29.1138
36.6475
21.7989
22.92
20.786
29.247
31.1086
28.2783
29.0786
26.3014
22.1321
23.9435
29.54
26.7067
26.0901
33.221
23.0314
30.964
24.637
22.0686
22.9462
21.4742
31.6262
26.759
34.1399
34.9544
22.2561
26.2532
22.165
23.7015
33.3309
23.4864
24.5194
35.546
22.4715
23.0284
21.9986
28.7399
24.5935
22.5561
32.005
23.9123
23.49
25.3451
16.2932
22.8239
26.8081
31.0642
21.9976
27.0033
24.8012
22.5315
20.4666
33.1798
19.3044
34.3825
30.7432
25.6304
28.5838
29.2235
30.1685
27.6345
20.0074
26.8378
20.0316
27.7499
28.0054
28.0403
34.096
28.8503
26.1455
24.5649
23.2407
26.0538
24.9068
25.2965
25.6299
25.4028
26.062
23.8007
23.4373
28.8202
21.898
26.1445
28.1854
23.9393
28.9048
19.6655
23.6978
30.0317
23.2421
22.13
27.0748
22.3717
33.7909
35.0168
24.0333
31.0402
23.5333
29.8068
27.0465
25.0613
32.2281
30.4186
33.9
26.8461
23.2511
23.5234
29.7238
25.7597
34.6387
32.5953
41.1667
42.7977
24.8663
26.4401
30.8483
31.5573
31.0771
35.3473
33.0952
36.5646
23.3141
26.6147
26.9042
27.8975
30.3571
31.2793
35.5162
38.0235
24.7642
24.9892
29.5816
29.9648
36.006
35.4651
43.5684
43.5295
24.3728
24.5164
25.1546
26.8119
27.0934
27.6155
37.3705
40.118
24.841
25.5773
25.5769
26.7832
31.308
31.6455
20.4178
23.2755
22.754
23.7404
25.0301
26.1472
29.0555
26.176
24.3361
25.3108
20.3981
21.8492
26.2479
30.1411
31.2941
27.8055
21.6333
28.7862
19.7133
22.7973
28.491
29.1663
35.1664
36.0608
38.3115
32.9381
23.3127
23.6335
24.7961
25.9727
27.772
28.0692
37.0175
39.8112
20.1695
23.745
25.9358
26.5261
31.8295
24.5394
26.5259
27.9283
29.2798
30.0804
31.3131
34.2077
36.3832
23.8981
24.8528
25.9264
27.6431
28.4448
37.6
37.7944
24.0679
26.0628
26.0431
29.9923
31.1635
19.3653
33.6742
37.1895
23.9554
24.3886
24.9521
28.7244
29.1669
27.5773
25.7153
25.4366
21.184
29.6116
22.9802
29.4029
27.5522
27.4947
24.0701
28.0358
24.4993
24.0453
21.5377
28.7756
26.24
34.2246
22.1151
35.0822
25.6365
22.5825
25.3705
26.0391
26.0601
29.7726
25.4611
30.2647
36.7762
21.3106
24.9196
26.5899
29.3263
30.5026
30.5474
30.5388
34.7509
20.2486
22.919
24.9559
26.2054
28.3166
31.5341
29.4003
31.8404
34.4395
36.2353
38.1671
35.6933
38.1815
38.3782
38.4036
20.3387
23.4752
25.0398
26.3832
37.9228
26.829
27.7226
29.9927
28.8133
23.9461
25.1252
28.0893
21.3079
29.7678
29.888
29.9491
30.8963
23.7903
24.5057
25.9063
27.9631
30.0791
33.7276
35.765
24.9687
25.9303
27.5476
29.6231
32.9912
24.0891
36.285
18.4806
26.5775
20.891
21.4184
22.9712
24.1143
25.5052
23.5069
29.7261
24.0653
25.0403
25.2189
29.2107
30.0652
31.9154
20.3799
29.8065
25.0664
21.9001
22.2913
23.4308
25.9314
31.0459
25.7293
35.2779
35.7108
25.4379
26.2908
27.2466
25.9251
26.4192
28.8672
33.521
34.3968
22.0436
24.4325
24.4162
26.3551
28.8666
22.8904
29.8898
26.1107
23.9684
26.2752
29.055
32.0373
25.3682
32.7062
21.8622
23.6104
22.4296
27.4662
28.6351
30.6774
32.5466
29.3769
25.5624
29.9919
21.188
24.2556
25.5626
23.9731
30.5983
25.8722
35.9936
38.0522
21.0981
24.699
26.7617
27.291
28.0763
28.1417
34.9391
35.3847
