17.7843
20.7463
15.6089
15.5624
14.2176
14.3574
18.3435
19.4068
19.8826
19.3329
17.1783
22.2751
19.7509
17.5149
17.6918
18.8135
26.8166
14.8382
14.4393
19.2582
16.7163
13.5603
13.2746
22.8337
23.9931
13.7163
14.475
17.4882
15.6414
17.0501
19.0492
24.6722
15.9738
19.1995
16.3392
21.1885
23.1844
17.767
21.5167
24.9337
14.5429
17.6375
21.5996
19.7644
14.467
14.7607
21.0532
24.8186
24.8964
17.0083
17.688
20.6748
18.217
15.0898
23.0631
20.5968
17.3138
20.7201
20.3542
17.0806
16.0882
17.2448
19.7727
24.217
17.5216
15.8233
18.9427
19.97
16.8344
15.6665
21.5457
24.211
15.5915
21.4187
14.0959
15.978
14.52
25.9729
19.6693
16.7164
16.4574
24.8463
17.9118
17.6259
18.2294
20.438
18.029
18.0807
18.3974
23.9024
19.1978
17.2043
16.1951
20.6084
23.9685
18.2201
17.5389
19.9809
18.5595
17.1359
16.2063
21.4995
19.7922
15.8721
19.885
21.2682
17.0789
14.4978
15.0087
20.0052
17.6358
18.1779
19.6812
19.4291
16.6563
19.918
21.4299
17.4056
16.7552
24.5176
18.3958
15.7585
16.8974
20.3378
17.0181
19.4323
21.9608
17.8376
19.7044
18.7107
16.0274
13.7592
23.5217
17.0268
19.1791
21.0468
20.1649
15.7447
15.3004
14.4388
19.0124
18.8965
17.6264
20.4299
21.4407
17.199
13.639
15.335
22.2777
26.0252
14.446
23.2632
26.3253
14.3979
15.2268
13.3154
18.8693
14.705
18.1749
17.8812
17.6136
14.8398
16.566
21.7835
18.201
20.6757
22.3024
20.4942
15.2809
16.6646
13.6116
19.9739
18.0068
17.2254
19.0495
19.5063
16.0677
13.9216
13.1965
20.4767
15.7829
20.6012
14.4546
19.4295
15.6751
11.9585
13.7029
15.4903
18.8039
19.5471
22.7076
25.2044
22.033
15.3197
15.4133
20.4835
18.5243
21.3433
19.115
26.3209
17.2016
15.3125
18.192
21.0118
19.0335
17.6051
25.4039
26.3624
15.5729
14.2485
15.6276
18.791
17.366
14.9868
17.9014
24.594
18.6657
18.1182
20.2713
21.7812
22.7901
16.9282
17.0819
18.5634
19.9346
17.6528
20.3738
19.0286
19.8895
17.0564
17.7918
17.7557
15.7014
14.8667
14.9085
20.8781
21.6846
17.3848
18.9977
19.0352
19.4951
12.3225
15.095
19.9266
17.7217
17.6612
19.7887
19.471
14.7048
14.0872
24.2554
21.458
19.237
17.1596
16.5958
13.9379
14.973
13.7866
22.533
15.5076
14.0586
18.3934
18.784
17.6191
13.0635
14.4104
19.0769
19.6014
20.2903
19.5607
19.2106
19.0297
18.7887
17.1021
20.9709
16.279
15.0874
17.973
19.3619
19.0343
15.202
16.5483
21.2965
19.002
17.7318
17.3674
17.4983
15.5254
17.2552
13.928
19.8526
17.5673
21.2045
20.3159
18.435
19.4097
16.3869
19.0367
19.6925
21.2308
18.4879
20.0347
15.1315
15.4585
14.923
21.587
22.02
15.6645
16.8246
18.5256
16.3152
13.5253
15.8303
18.7061
21.7591
18.4882
18.6369
22.8775
17.4261
15.7499
13.9775
19.9336
18.3862
17.3617
18.2514
18.2062
22.58
15.6957
16.3859
20.9569
21.3487
18.3151
18.4485
17.3032
16.7187
20.2714
16.6645
22.158
15.8388
14.7615
18.3952
17.514
17.8971
14.2957
14.8231
19.4289
16.9395
14.331
19.7256
18.5148
16.1805
14.444
12.8411
15.3781
19.4059
17.1672
17.1715
17.61
17.9386
16.2588
14.0862
22.7681
16.0219
15.5684
18.2168
18.9537
17.0927
14.6712
18.4471
21.3833
15.3725
17.0825
19.8315
20.8284
14.6105
19.0826
17.4933
23.8137
19.2936
21.2917
17.6595
20.7769
18.1409
15.083
22.0606
18.2414
17.2228
17.5634
19.442
19.8615
14.9289
20.3282
20.3312
20.1491
21.61
18.6499
24.7409
16.794
21.1887
17.2259
19.3282
16.5558
18.3014
17.9862
25.9101
19.1085
16.4902
15.1641
20.9986
16.6018
17.1075
18.2874
20.2697
15.3032
14.2227
16.6063
17.2174
15.4891
23.7316
17.8894
14.3941
23.045
16.3448
20.4762
19.5568
22.1413
14.8713
19.7136
14.2293
15.1082
19.9358
15.6571
21.5364
21.9856
15.5237
19.4464
15.638
16.1548
15.3216
24.2952
25.2509
19.0741
20.9737
19.7014
18.9736
14.5073
14.4383
19.2031
19.8843
15.8705
19.4763
18.9125
24.2972
14.4754
21.7323
20.076
17.4092
17.3187
22.4384
18.969
17.6116
19.707
16.1389
15.9861
17.0107
18.6068
17.8222
19.9023
21.067
22.8761
17.9794
19.5025
18.4282
23.1237
18.0067
15.4433
17.7578
14.4976
17.0889
18.2901
18.0607
16.4476
15.213
22.1159
18.1493
17.8989
18.8995
23.0995
18.5092
20.6888
17.3587
20.6838
15.9586
13.3186
19.9429
20.0429
24.3579
17.5633
20.6112
18.2354
23.8048
15.103
19.218
17.9483
19.0112
17.6541
18.9745
19.902
19.9688
15.9933
17.672
20.1854
18.3725
22.2418
22.0663
22.366
16.9984
13.0184
17.5632
18.8555
18.0079
22.7604
22.3655
19.9302
17.5712
16.8681
20.2498
19.1652
19.2783
18.4045
20.5097
22.8814
16.3817
17.385
20.009
18.9815
16.5319
17.6539
21.5105
18.0069
14.5326
13.6257
18.2107
21.2596
18.9502
18.1494
16.5858
15.0001
14.0862
16.8087
23.0178
16.5939
14.4135
18.5814
19.1953
16.37
13.1485
14.8721
18.3248
17.8489
18.7845
21.4913
16.2513
18.175
14.0965
18.9692
17.9111
19.1626
18.2056
21.8832
16.1262
16.7338
15.6301
17.5067
20.2391
17.0011
16.0817
17.2408
18.4955
15.3788
14.3422
16.804
17.9922
16.6556
22.3551
20.7806
24.0748
17.6231
15.4126
19.5122
20.0966
18.6391
17.6143
21.397
20.3811
16.498
15.8287
23.1529
20.0117
18.4315
17.0971
17.1196
15.9609
14.2797
21.3163
13.8707
14.2213
15.4413
17.3419
21.5681
15.5331
18.9606
20.0649
16.7103
16.9393
18.6174
19.9656
17.1373
14.4392
14.2911
22.2621
19.1202
20.685
23.5917
23.9689
19.6469
18.4986
18.9061
18.2924
22.8584
17.2602
17.1062
21.7763
18.1397
13.1749
18.9526
19.6741
17.9408
24.9868
22.2645
19.2575
18.6039
17.5295
18.531
19.1212
25.2991
22.4089
19.7469
21.7573
18.0123
19.2016
22.4589
20.0116
17.749
24.326
23.7098
22.9632
14.7668
17.3705
15.4187
16.6707
17.2302
21.9868
19.2797
21.6466
16.1416
18.2956
21.4918
15.4292
18.883
18.4443
20.7028
18.9103
14.3958
14.9547
20.4532
20.9366
17.513
17.5337
18.4206
17.2889
16.6649
13.3151
19.7388
20.8283
19.7356
21.6317
16.9724
18.0273
13.6354
21.3214
23.17
16.9858
22.3123
19.7161
17.3975
18.8932
17.018
19.1697
16.3614
19.9453
18.174
21.4837
20.2713
15.0106
16.0318
20.3924
18.1406
13.8631
23.5116
23.081
14.1877
15.7793
13.3374
19.1435
19.3511
17.0519
18.055
17.6527
15.2386
13.3783
15.8993
20.1532
22.5764
16.9339
24.0232
19.747
14.9917
24.8844
13.8198
23.1537
19.307
17.3086
23.712
17.5622
15.9882
15.0517
19.4392
20.3005
14.5699
18.112
19.556
21.7592
21.1826
14.9896
18.1424
23.9116
18.353
24.2186
19.6931
18.6136
15.6973
15.0751
22.976
24.0187
17.3176
24.4152
14.8565
17.7658
14.8394
14.8195
22.5006
20.3766
17.4608
15.9243
22.9072
17.5463
16.3488
14.843
24.5956
18.6338
18.0399
19.4554
20.6836
19.1292
22.0335
19.332
15.524
17.5129
23.4672
24.6646
21.2938
19.6849
14.8133
24.9978
19.2273
17.2999
23.8383
19.9147
15.5326
18.959
21.5207
20.0047
18.9138
16.0039
15.7152
21.1076
14.2605
14.0722
13.8878
19.3361
21.499
22.5956
18.4974
20.0029
15.1101
12.7289
13.8101
19.2321
20.2517
18.1094
18.358
18.1414
17.4414
15.039
15.0813
20.2719
19.1982
17.962
22.6052
19.7828
18.6167
14.6316
20.5632
23.3601
23.1444
16.8593
25.5144
18.2463
18.6441
16.807
23.4566
23.5933
21.9279
18.5369
24.4554
18.4133
18.3649
19.7661
20.7096
22.6176
17.7837
18.0253
22.1772
16.0708
17.8074
14.3791
19.7985
17.8707
13.533
14.9405
20.6205
20.1547
16.0551
14.6427
18.4182
20.496
17.5451
17.1396
19.2538
15.8984
13.0303
19.4288
16.735
17.7707
24.8025
18.878
16.211
18.6254
13.5426
20.4519
18.7474
18.1964
18.2551
15.1013
13.9044
15.2294
16.2763
26.2914
21.803
17.5652
16.8948
19.8812
16.0509
16.9474
14.2961
18.3117
15.7046
18.6439
18.7381
19.4883
18.0075
15.6954
17.251
19.0774
16.2198
16.153
19.0233
20.9016
16.9616
16.9987
14.6948
19.3518
20.7816
16.348
15.6754
20.0592
19.9233
15.3113
21.273
17.4192
13.2587
13.7574
23.2876
17.4419
16.4879
15.3907
19.8278
17.7412
15.9015
22.0664
19.414
19.9527
16.3578
14.8056
20.8284
17.3214
21.2526
18.5131
19.1215
21.6258
20.3982
20.7939
20.5444
15.4361
16.9706
18.9838
16.5901
14.7391
13.5649
20.5888
18.4229
18.7469
14.8717
17.8555
19.7669
16.1528
14.547
14.5112
21.7549
19.6911
18.2588
17.7198
13.4904
12.74
12.456
21.3649
16.1739
16.9053
24.0517
25.3315
20.6855
15.4759
17.8795
20.1398
19.8372
16.4126
17.6013
20.0503
21.4624
19.0427
15.2825
22.7554
21.6822
21.7542
18.0145
26.4815
15.4049
15.8883
15.6739
19.3357
18.4494
21.4401
14.4401
15.8439
21.2931
21.7554
14.5408
20.2672
18.9039
17.7574
18.1832
20.1678
17.4205
16.837
19.5907
18.6836
14.5112
14.9462
17.6834
13.9733
13.7425
16.6453
19.3031
18.2706
21.9051
14.3414
19.7719
21.6562
13.9796
14.0424
16.8659
18.1691
19.6247
24.0545
18.9162
15.1268
13.3258
14.5791
18.9961
17.8704
19.4067
13.7867
20.142
19.4419
14.664
14.7234
19.039
23.3236
15.36
18.2979
21.1306
22.2231
16.4794
15.1298
19.3144
15.6379
17.1096
15.5611
18.8586
18.9872
15.7946
20.2298
15.6993
17.0134
17.0131
21.2992
15.5187
17.1057
18.752
25.4753
16.55
18.2076
18.8178
17.2582
17.77
16.7407
14.4294
19.8544
22.0387
16.7431
18.3143
18.1913
13.8508
16.1885
20.1093
19.0442
15.4957
16.1124
16.7424
16.4762
22.5806
14.4757
14.951
17.919
17.6603
17.8621
17.3552
18.3219
22.7109
14.9078
14.0802
17.154
18.1119
17.6857
18.1082
17.4853
22.8378
14.6536
18.5569
17.6632
16.7973
15.4134
19.4587
16.6195
20.8473
14.8353
16.8062
16.3733
15.44
16.3256
25.8214
17.6255
14.8835
14.937
23.3121
17.1506
21.0818
17.7293
20.2294
17.5397
14.0678
14.45
20.544
22.9963
15.4974
18.3566
18.8816
14.871
13.5646
13.27
19.0295
15.8463
20.0881
17.8076
18.9902
20.2249
18.2846
17.8433
16.177
22.3418
17.0197
18.6023
20.9742
16.9283
13.8101
20.3798
17.0404
17.3145
17.6663
17.7032
14.1276
14.4088
16.7332
21.048
21.8949
16.603
21.3484
24.317
20.3414
16.3572
13.1844
18.8999
14.7492
16.5105
13.7502
21.1488
17.9619
12.9449
12.8434
19.7418
15.8712
16.2371
23.022
19.9405
16.0697
13.8255
15.2947
16.7157
18.7241
18.6892
18.633
20.2568
17.3722
14.1821
15.0534
19.3967
17.9444
15.6626
15.0876
17.5177
14.1552
11.7928
14.426
18.6789
23.0019
21.3233
25.569
23.6308
19.3937
14.2775
15.0987
19.1689
17.867
17.095
18.5972
17.1916
21.1274
15.5069
14.6291
18.5706
18.9195
17.3963
19.2086
18.0119
16.2194
17.773
14.6613
19.6751
15.8403
14.3207
16.5386
18.0113
17.7576
14.5707
14.6375
18.8434
21.1856
20.1228
15.3632
16.1631
16.4514
14.7756
19.3536
18.8152
17.6457
19.1299
23.4815
18.8522
15.7112
13.7976
19.1956
23.5549
18.0614
21.0739
21.2285
17.8589
14.424
20.4758
21.0196
16.6267
20.1923
18.6128
20.9997
21.151
14.8862
12.489
20.9057
19.2494
15.7972
17.4676
18.3825
15.7869
13.2383
13.5379
20.8512
20.3268
22.2249
15.6595
16.6534
20.1621
14.3532
14.9545
20.7738
28.5473
17.9757
16.8043
14.7386
12.4299
13.0108
21.1748
17.3502
15.7451
14.6816
15.3479
15.3288
13.487
16.3082
19.6998
15.5501
17.3359
24.0424
21.3923
21.7614
14.6702
15.1451
20.7171
18.8101
17.1785
13.9909
22.5662
17.4967
13.7156
13.4123
15.87
17.0195
16.5529
18.8005
17.7261
14.9375
13.5253
19.3481
18.9659
16.7521
15.3841
15.9584
19.9124
17.434
17.078
18.5252
18.9093
20.1325
17.2057
17.8989
15.369
13.6701
14.0528
24.8884
20.4097
17.1183
21.8666
20.7229
15.2545
18.3622
19.6887
23.4129
18.1933
16.0857
23.4823
17.8404
19.7516
16.3386
18.4075
20.1314
18.2938
16.1007
16.1871
19.5619
15.5933
19.1943
15.8132
20.071
19.1366
21.1642
16.3342
17.1129
15.1587
16.183
15.1824
18.4681
17.5367
21.6833
17.4304
20.5985
16.9992
14.2876
13.5703
21.0673
20.64
21.192
23.8493
16.5371
21.1775
16.3518
19.5614
20.0244
17.4716
19.1313
18.8682
16.0284
16.0949
15.1933
19.8622
18.5363
17.8688
17.6211
15.912
13.9807
16.3945
15.5521
18.1692
14.8657
14.5216
18.3933
20.3282
16.0699
13.4383
13.1729
17.7705
20.5834
15.4937
17.4058
18.0402
17.0703
14.981
23.538
19.311
21.5403
15.7423
16.9731
17.7746
17.6013
18.6031
15.3231
17.3546
14.4408
16.3355
15.2173
14.3687
15.8437
14.9477
14.8062
19.3577
13.2614
20.6066
26.4461
14.9769
13.4771
20.3905
21.6767
17.1655
17.6438
24.6983
19.1589
20.5098
14.5433
21.2447
15.7776
15.8839
17.7568
16.1866
23.6783
24.2006
14.9915
19.1816
17.5556
16.0456
20.3231
18.1885
20.3102
14.8517
18.6294
14.856
20.3322
16.9528
20.928
20.1484
19.7662
20.7583
17.0596
17.4259
15.7666
14.9915
24.5495
18.8932
18.3699
14.5209
18.9475
15.9761
18.8535
16.1269
20.7906
18.0985
13.7856
13.4631
15.372
19.999
16.0357
14.9708
18.4878
16.6695
16.1647
18.0718
15.1151
21.6222
14.8181
18.3583
17.8699
24.7186
16.2419
22.6194
18.4762
23.4867
17.5221
21.2019
18.6209
23.5881
17.5945
15.6591
16.4853
21.1002
19.7668
16.3923
18.6352
15.0967
16.3203
14.6875
15.2985
19.0971
17.4128
22.9491
19.981
24.0624
12.1782
15.379
21.5802
17.1582
15.4068
18.8804
25.4249
18.0413
14.66
14.9788
20.8711
16.9604
20.1744
22.4516
22.8534
19.0066
15.6397
14.6755
17.5851
14.751
16.9916
18.3399
18.2265
16.4037
12.8707
18.167
20.5444
19.0352
18.7538
20.6386
19.9027
13.1661
16.5549
20.4743
20.3179
19.0509
15.0154
17.9571
15.311
17.7009
15.0093
15.2969
20.3966
14.8794
20.8018
17.3002
16.8669
16.3705
15.0219
14.8155
18.3719
18.3435
21.6746
20.612
22.7923
15.9441
15.9427
15.5191
16.5885
17.7721
18.5605
17.7175
14.5075
17.3877
15.5809
16.0652
20.8457
16.7484
15.2844
17.5641
19.3222
18.9148
14.8969
20.2423
22.3461
19.6322
16.2896
18.4672
25.9494
16.9496
15.5601
19.7862
17.3433
21.5733
23.208
24.0896
16.4754
13.2834
13.8514
24.3732
20.2046
17.3055
16.5821
21.6027
15.9223
13.4912
16.3531
23.245
22.3025
16.8746
19.9177
15.8467
19.6583
14.5929
15.3181
20.5126
18.6708
18.0635
20.2665
18.6461
17.6803
16.7889
15.2225
18.9226
20.3335
18.2167
16.4258
20.5007
17.9474
20.5576
17.8794
21.2947
22.5107
20.0087
21.0505
16.6345
18.5645
15.924
21.3272
17.6777
16.7207
23.889
19.1277
18.1083
22.0777
18.6172
20.2977
23.6949
15.7132
18.5744
18.7649
17.0847
14.8592
15.5692
17.0161
19.0319
15.7398
20.3434
23.4024
19.4657
21.3412
20.6324
20.0372
26.0382
22.9825
23.2507
21.6749
17.3304
17.2149
18.5015
24.7675
21.4117
23.629
18.9713
17.0559
16.2202
16.8716
22.3464
19.2838
22.6116
17.7587
22.2793
18.7445
18.3555
18.1916
26.6654
26.1281
17.5575
15.8909
17.7341
18.8729
15.9893
14.8087
18.8071
17.6394
19.1363
17.9873
18.6048
16.3949
18.7461
17.268
18.7934
16.9229
14.0505
16.2467
22.1431
15.1634
12.2984
14.6928
24.541
18.2039
15.2176
19.2126
18.9135
22.545
19.3649
15.065
19.8935
16.8408
18.6292
20.0241
16.3694
15.2223
17.6439
21.8688
16.5441
16.2996
16.9234
17.8702
17.7312
15.103
14.6936
16.003
19.4642
18.4783
18.081
15.68
17.0797
15.5242
13.8303
17.4174
21.1825
16.5179
17.2794
20.8193
20.8172
14.6245
15.8546
19.7064
17.9485
16.022
17.0454
19.9332
14.9649
14.7786
14.3786
20.4369
23.1686
17.6628
19.1524
17.4008
18.6449
15.5092
20.1837
19.8721
22.5305
16.5192
22.6588
23.2892
17.2109
16.8057
14.4209
19.1747
17.7309
21.7004
24.3777
23.2022
17.1725
14.0052
13.6244
19.8736
19.8389
22.3002
18.4535
22.7169
16.3717
16.2206
14.1149
16.566
26.6981
16.9289
23.8282
20.3547
20.3311
17.4725
15.5385
19.5814
17.4574
17.1393
23.4063
18.9815
16.6361
13.2384
13.2839
16.089
23.8428
15.7246
15.3699
16.1875
12.1344
12.4662
20.905
18.837
15.486
15.6294
17.1091
17.7669
14.8265
13.8358
18.8168
22.2538
18.743
18.1142
18.3595
17.5752
13.6269
14.6135
18.5046
18.3086
16.1372
17.021
24.2763
16.7701
16.247
14.1233
19.8355
18.2465
17.3719
16.298
19.5902
16.9757
15.7781
18.986
18.7406
20.4859
15.0608
17.8944
16.6193
17.0169
16.2029
14.1735
18.4739
18.7475
21.7831
19.7849
19.6828
23.0296
15.58
18.8613
19.836
17.6683
17.4473
20.6503
16.6513
13.7756
14.573
19.0588
19.6014
15.8168
19.8014
17.387
17.9139
20.2263
15.3814
20.3026
21.6335
17.4169
20.5471
17.3721
16.4857
21.6084
17.0635
20.1681
18.5922
17.2415
16.5366
19.4129
21.3249
15.4646
15.4924
18.0579
18.3425
18.0131
16.0371
19.1771
17.0991
14.1215
14.7729
15.4801
17.7641
18.2436
17.4892
17.8847
13.8735
13.3339
19.9585
26.0601
19.1425
14.9055
18.1592
24.0912
18.9425
18.9249
17.0477
22.1787
20.2497
19.0569
21.4423
20.167
17.2215
15.0021
16.1409
20.8096
19.894
17.7102
22.752
23.4608
15.8105
16.6327
19.0996
22.0058
15.182
16.069
20.0355
15.3035
13.6042
14.0452
15.9993
18.4233
17.9337
22.5857
18.8886
18.0348
19.4856
20.485
17.8771
21.7309
17.914
23.8091
16.6065
15.9281
14.8705
17.4221
17.6859
17.1619
17.966
16.0919
17.9118
13.3862
17.0795
20.6239
16.8741
16.9568
18.527
19.4307
16.4949
13.8242
13.01
21.0092
16.6944
17.1585
17.3924
18.6704
16.0103
12.4249
14.675
18.1178
17.79
21.5502
24.3293
15.2586
22.2358
16.8197
18.6429
20.6025
17.5071
16.2527
16.8066
14.5298
17.7021
15.3198
23.4681
16.5275
20.7253
15.6037
20.6986
17.6407
12.7857
13.5389
16.1369
17.9514
20.4784
17.9748
18.4874
14.3104
13.5699
14.4049
23.3201
20.708
21.5087
20.7466
23.9163
17.9609
16.6618
16.0028
21.3136
18.1172
17.3651
19.5744
23.0252
19.562
15.0091
18.4507
18.8399
22.4328
18.3764
23.2741
21.6626
17.4459
21.0825
16.348
19.1771
23.0039
23.3552
16.2383
25.244
18.4583
19.5167
15.6143
17.9558
20.1036
17.7303
18.9898
21.1803
16.4154
16.6847
14.4505
18.0255
20.6614
23.2306
24.0786
23.5777
17.8567
12.7353
15.4497
21.3775
25.3064
17.3939
17.3491
20.9469
22.97
15.9775
16.9422
21.1094
24.7946
18.467
16.6311
16.2124
19.7688
16.0875
14.2386
16.9593
18.6024
15.8078
21.8333
14.0632
16.5507
16.5402
23.8869
19.6566
15.2717
17.5619
23.6205
23.335
20.0716
17.4489
22.2328
20.8825
16.5853
16.4368
17.5622
15.3856
13.6932
13.8631
19.9725
21.8718
23.8595
19.3076
20.5526
23.405
15.7632
14.6084
15.755
18.8222
17.582
17.6608
19.228
14.9018
18.9116
15.2064
20.2242
18.5014
17.0136
14.27
27.4238
16.8616
16.8641
15.2409
22.7399
21.5414
16.3477
17.5792
17.7822
14.9751
12.9903
13.446
18.7417
19.6348
18.344
17.3552
18.5963
16.7419
15.5462
15.8338
19.0523
17.7995
15.4176
19.004
26.4632
16.1747
16.0449
14.4268
19.2148
16.3868
15.8125
23.8837
27.6311
17.9592
12.4642
14.6601
19.3853
18.5185
15.4013
15.4606
15.3391
17.2534
12.3935
13.2862
18.6982
17.4846
16.0109
15.7149
17.4766
19.1821
16.3673
14.6389
20.873
19.2371
16.444
22.1093
27.1237
24.8076
12.1652
14.6954
19.7718
19.2207
14.2151
15.8104
18.3301
16.5758
14.3605
12.694
16.1297
19.5006
16.334
16.6761
19.3132
16.2719
13.9979
14.5548
19.753
18.1605
17.392
18.2255
18.3643
18.2868
15.0428
15.6551
17.8418
23.3793
16.841
15.6228
20.2246
18.0291
15.89
15.9968
19.1708
16.1444
17.0928
18.3497
20.5567
17.301
21.2007
20.9637
18.5207
21.606
14.6874
19.9059
15.1369
13.0431
13.5375
21.697
18.4384
17.7347
17.1724
20.837
17.2713
16.6006
18.4064
20.3994
17.6915
16.5728
25.5038
18.9386
17.436
13.4968
12.5898
20.9486
18.5286
16.0999
20.768
20.3135
22.9874
14.4664
13.4933
18.3261
18.6714
21.3153
17.0001
19.2558
17.8903
14.1132
14.6181
19.8706
18.1599
20.6336
22.5415
18.2155
15.9393
15.6095
19.5759
19.8583
16.2338
14.6221
19.8163
16.1897
15.7287
14.1953
20.4278
25.8155
17.1214
17.4777
20.6341
19.8105
19.1736
15.6291
19.4038
19.8137
18.82
18.3056
20.4575
16.372
14.8818
14.1146
18.9229
18.1762
20.5999
17.693
17.2496
16.5713
17.5354
17.4458
19.7809
18.4
16.7674
17.6563
19.1727
14.4255
13.3217
18.8927
19.8324
24.4083
19.1513
22.6436
16.061
18.6386
15.4482
18.9086
17
19.7222
20.612
28.7143
17.5908
17.1419
13.7974
21.3619
19.0607
21.0594
16.5988
17.8631
14.6821
17.369
12.9917
19.1428
25.1528
17.3681
19.2646
17.7179
25.1198
19.3777
15.8118
21.5175
19.8135
21.5415
17.7017
19.0346
22.8812
14.3169
14.582
20.5664
18.8804
17.2933
22.0468
19.4718
13.4383
13.8744
22.2238
22.2738
16.3217
