223.578
70.2975
79.536
71.4024
67.6525
70.4897
78.1102
70.4097
73.1296
72.7965
72.7919
78.2922
71.5769
66.2792
72.2
79.7038
75.56
73.6774
76.5697
70.5466
70.6049
70.566
74.0424
63.879
68.12
86.0967
65.7232
66.174
71.4588
65.7412
63.8609
64.2151
60.671
67.9822
68.3257
65.3527
66.0406
78.3743
70.7226
64.4139
85.1301
70.6106
63.5221
68.0663
61.5784
65.2899
65.4694
86.6727
65.9901
77.4305
71.7756
64.5354
75.4409
70.1181
59.3211
98.8664
73.554
69.8029
67.617
73.1629
71.0842
69.8032
70.5807
72.2713
75.042
73.01
66.469
65.2918
63.4238
73.1068
66.1291
65.6829
68.9909
80.7924
64.7801
69.2963
78.0617
72.5045
80.8125
59.956
60.7833
65.0326
64.148
72.9963
63.2279
76.2973
72.5278
65.0088
96.2169
73.256
70.1297
80.0873
76.2221
64.3966
64.551
73.9572
67.8108
71.623
79.0691
66.3053
67.7374
65.4892
64.8676
72.715
68.4969
73.8931
73.3892
73.2984
80.1876
61.429
61.7769
68.9641
60.1851
91.4477
64.7256
75.4776
64.8812
69.0496
73.2161
66.0426
78.2395
68.8537
71.0077
75.2845
76.262
62.74
60.4384
82.7371
74.965
78.8985
65.2167
64.53
68.7019
67.3864
70.9771
72.2069
69.1485
77.6264
73.7292
73.247
66.5144
87.9075
65.483
64.4688
65.0233
65.274
65.5605
69.9521
70.1669
71.5018
75.0288
69.2737
67.6951
70.9843
74.9068
72.2497
61.6129
74.2801
64.6389
73.8854
65.513
64.5095
64.8635
66.7792
63.6194
71.7612
69.5579
70.5566
60.8601
82.6537
71.6593
68.1474
72.4372
65.8276
68.1301
63.7771
75.1918
59.5253
71.9935
71.1101
67.3169
69.6841
70.0488
82.4898
70.3001
62.6441
69.5743
65.7868
67.5352
79.0623
64.0958
80.569
63.0978
76.8168
66.5736
62.4163
71.49
75.2135
70.8757
79.605
73.1365
61.9067
67.0742
69.6567
66.6032
72.2441
59.46
72.478
75.3411
70.8617
62.2016
72.2698
84.0872
61.1167
68.2872
73.3959
76.4329
62.4949
87.3089
71.6172
65.002
60.3333
69.465
63.9112
70.8087
73.8506
64.7675
75.6114
71.2126
75.1013
77.7616
70.7156
79.8499
67.7998
65.0668
70.3024
64.6391
76.4098
63.4362
66.5587
63.0429
62.4215
76.4562
62.9591
76.3527
59.7018
68.4605
63.3293
69.5011
75.2527
68.0371
87.7974
61.3489
73.7524
66.9112
60.4419
86.4591
72.309
61.285
78.3061
60.3936
68.4198
63.9973
68.8246
64.3002
68.8341
76.9021
63.4936
73.0892
71.8171
66.6108
67.4775
65.2357
70.5263
72.8141
63.4885
70.7036
77.4045
69.4418
78.4219
70.2595
66.1514
60.5245
66.7552
63.3551
68.8029
74.0334
59.5399
62.8728
60.7924
81.7854
72.299
68.1848
65.0733
79.0554
74.7786
72.0071
78.4097
69.6426
69.0184
65.2717
64.4284
71.7494
80.1572
71.6054
59.6397
72.3829
74.2539
69.553
69.2938
67.9297
60.093
62.5426
75.5319
61.0451
62.5399
73.6036
75.1229
72.4957
70.8701
75.0862
63.5145
68.4914
63.5591
75.4887
60.8577
85.2281
70.5468
60.7817
73.2301
71.0458
59.7099
77.9363
76.4888
76.5814
71.7525
76.4785
59.9491
84.9616
65.1871
70.858
71.7362
71.0745
70.0563
77.7249
69.0709
68.2415
69.0275
69.9846
69.4391
72.5824
65.0744
85.7348
62.475
72.6866
62.9888
74.2106
62.6504
64.4381
70.4084
62.1816
74.251
59.2496
72.4494
68.8768
62.9486
69.8694
64.9385
69.4084
74.856
65.4771
78.3889
75.162
58.5372
74.1163
71.5399
64.5145
73.8926
68.1245
61.6829
66.3163
65.6593
66.0457
74.3031
67.8497
66.5129
68.7646
67.3267
71.3291
74.765
63.2343
74.7558
70.9236
69.3291
77.9458
73.8331
74.4886
67.3109
68.5575
70.5753
71.5736
74.6258
70.7298
71.8299
69.3107
71.5872
60.9204
81.4358
73.7892
73.3643
77.5422
74.6805
68.8033
67.6131
72.2276
65.281
72.801
73.6138
66.8677
72.1043
78.9396
75.3985
69.2978
79.5441
72.1355
73.6569
66.6427
66.566
80.6964
68.4999
69.8701
73.7689
58.8259
70.5536
70.3752
72.9782
69.5055
70.7939
80.7258
66.2065
72.7057
64.6597
71.9127
72.7444
64.1425
76.5242
70.4961
81.1916
66.3616
73.1575
71.6778
69.5836
72.2482
63.9501
71.526
63.9183
65.7395
68.6194
73.3181
65.9879
66.5817
78.922
69.6274
72.8618
65.4914
66.5077
71.2604
63.0725
69.6963
66.159
68.3118
66.2068
68.5023
62.4431
63.5074
74.0085
65.6101
62.0685
67.1112
77.6486
62.199
76.0986
72.4094
65.1513
75.8034
67.8445
64.8073
74.7815
61.536
62.2583
74.7832
58.9936
68.3581
71.9921
68.5401
61.2866
65.9768
69.4962
69.3381
66.8726
72.3506
73.0863
68.6948
82.1581
61.1637
67.0853
71.1468
74.8367
66.3927
69.2185
72.8005
73.1377
69.8575
69.9132
71.114
71.3073
76.7543
67.7526
63.0158
72.5268
72.8706
78.1513
75.4934
68.4125
71.4347
72.2866
68.9838
82.7609
70.0581
71.9744
63.428
70.0561
59.1943
69.5811
72.475
65.3506
73.6086
68.1435
90.1762
72.8114
72.7816
71.3286
72.7574
73.3093
63.5017
62.6242
76.2604
59.6737
67.1201
64.233
69.6046
73.3108
69.5259
76.089
71.2362
76.5265
71.8044
69.4177
75.2259
70.3591
70.4904
74.152
70.3379
72.4609
59.3634
94.2804
67.2467
70.1017
62.9584
68.8876
72.2056
74.4313
72.0665
73.9863
71.2517
65.0168
76.8844
74.7088
69.4715
81.1552
78.8969
71.4501
73.0621
68.0229
67.3919
70.9392
64.768
71.7341
59.5894
67.9706
80.366
72.4556
81.8655
68.6752
65.7696
69.4506
72.7057
75.3423
69.4533
80.0472
70.722
66.9319
70.2571
61.7769
74.0711
71.7774
71.0708
73.5892
68.9166
79.2609
73.6863
72.0236
60.9214
78.9511
72.1787
68.5122
68.5261
68.5597
66.1313
64.2605
87.7244
67.3645
60.8616
73.0096
72.1946
65.9609
67.564
66.5594
74.0322
78.1199
71.0618
66.1631
70.7282
63.6246
72.8612
71.5261
70.3768
78.8762
71.8461
68.0237
66.6922
69.2913
62.5822
69.5115
72.1634
58.722
67.2507
71.8449
71.8151
66.1417
59.7176
77.7859
66.7108
67.2762
62.6198
73.3033
79.6979
73.2269
73.7303
69.8988
71.0454
71.7876
59.7947
72.181
67.8598
60.9608
73.3521
68.4089
68.7078
69.2889
74.4206
68.1991
85.3984
71.1518
76.2502
72.9403
67.887
68.2039
69.9687
67.108
65.721
79.6272
68.554
70.2446
72.543
59.4438
85.4531
74.3633
75.9269
62.0166
73.7632
76.3703
67.4676
64.7898
82.7177
69.0957
62.6405
85.2753
63.8202
71.5557
76.9837
69.7169
