170.832
179.54
163.167
169.09
172.76
159.165
175.146
178.457
166.094
173.825
182.471
185.82
186.275
191.098
173.809
191.931
158.936
177.588
183.777
161.997
164.212
161.902
169.641
174.31
177.461
176.558
167.62
173.803
160.268
160.777
184.62
172.45
169.934
193.236
164.879
162.766
175.809
166.281
165.215
178.854
163.611
164.404
164.751
162.664
174.031
174.811
162.512
179.226
174.078
170.665
159.118
176.178
171.985
164.84
151.107
166.652
159.061
178.351
164.098
165.835
164.349
179.997
181.525
162.245
153.998
187.497
185.065
184.248
186.12
186.265
174.056
161.142
187.133
175.421
169.449
186.436
179.315
157.721
182.446
167.467
177.443
163.097
161.992
163.604
169.58
172.844
185.535
173.425
171.059
166.58
177.687
182.017
166.138
186.776
176.085
179.922
171.88
162.072
171.02
166.461
172.875
175.965
159.058
171.552
167.499
173.472
174.036
160.486
176.611
180.648
173.094
189.23
174.794
152.855
168.998
176.197
166.868
187.674
163.661
162.446
166.663
178.541
186.226
175.911
169.555
174.669
162.705
174.883
162.268
171.907
182.099
179.268
170.009
182.555
187.055
175.141
169.121
168.176
161.599
188.897
170.152
181.218
186.134
181.45
184.558
178.442
167.841
165.891
180.766
162.834
165.753
169.75
184.658
163.806
165.478
158.196
165.531
164.735
174.854
165.727
169.789
180.185
161.494
171.792
169.77
191.458
161.597
183.002
168.159
177.297
183.535
169.784
168.987
194.716
180.213
172.87
181.329
163.714
170.153
175.802
168.733
165.091
171.602
163.296
177.282
169.393
192.287
173.341
169.212
175.59
176.589
160.86
175.363
166.81
174.532
185.487
189.257
163.887
182.209
175.636
187.532
189.807
163.402
178.033
167.814
179.682
174.159
155.356
170.035
165.875
185.436
195.474
184.042
166.596
166.309
163.653
165.088
156.405
174.56
157.088
173.701
179.293
178.986
185.739
166.747
158.813
171.936
175.013
177.845
170.21
167.395
188.527
175.791
170.587
173.536
171.379
176.137
